           year,          tmean,       totalrad,      directrad,     diffuserad,           wind,           rain,        netrain,     ambientCO2,            LAI,         pinnae,         rachis,         fronds,          trunk,          roots,           male,         female,        bunches,      flowersex, assim_photosyn,    assim_maint,   assim_growth,      assim_gen,     VDM_growth,     TDM_growth,          yield,      trunk_hgt,      rootdepth,   rootzone_VWC,       actual_E,       actual_T,          pot_T,      actual_ET,   waterdeficit,       layer1_t,       layer2_t,       layer3_t,  layer1_influx,  layer2_influx,  layer3_influx, layer1_outflux, layer2_outflux, layer3_outflux, layer1_netflux, layer2_netflux, layer3_netflux,     layer1_VWC,     layer2_VWC,     layer3_VWC,             BI,            CGR,            NAR
              1,         27.811,       5768.100,       2104.460,       3663.643,          2.416,       2472.663,       1803.802,        350.187,          0.166,          1.298,          2.422,          3.720,          0.629,          0.804,          1.085,          1.249,          6.091,         18.356,         36.974,         10.984,          5.501,         20.488,          3.175,          3.780,          0.237,          0.014,          0.345,          0.398,        526.932,        125.742,        126.663,        652.674,          0.921,         38.337,         87.402,          0.000,       1803.802,       1233.042,       1061.477,       1233.042,       1061.477,        904.584,          5.497,         84.160,        156.885,          0.345,          0.407,          0.428,          0.069,          0.505,          5.850
              2,         27.838,       5780.087,       2107.789,       3672.301,          2.366,       2621.002,       1912.017,        351.887,          0.384,          3.579,          6.799,         10.378,          2.094,          2.478,          1.509,          1.309,          5.375,         48.767,         80.605,         22.262,         15.243,         43.098,          8.791,         10.467,         19.416,          0.153,          0.490,          0.429,        539.362,        215.336,        215.679,        754.698,          0.343,         43.708,        171.652,          0.000,       1912.017,       1325.791,       1140.326,       1325.791,       1140.326,       1147.438,          3.142,         13.792,         -7.101,          0.408,          0.432,          0.420,          0.688,          4.175,         20.907
              3,         27.852,       5795.870,       2127.745,       3668.128,          2.306,       2206.175,       1609.411,        353.587,          1.236,         11.515,         22.021,         33.536,          7.584,          8.694,          3.279,          3.482,         13.170,         46.849,        225.305,         63.074,         57.129,        105.100,         32.942,         39.218,         36.002,          0.497,          0.636,          0.423,        465.396,        502.004,        502.193,        967.400,          0.189,         76.290,        424.623,          1.133,       1609.411,       1069.041,        647.483,       1069.041,        647.483,        630.513,         -1.315,         -3.067,         15.821,          0.382,          0.426,          0.438,          0.522,         10.204,         15.876
              4,         27.849,       5784.551,       2112.327,       3672.230,          2.314,       2606.219,       1901.237,        355.287,          2.738,         25.515,         48.868,         74.383,         19.221,         21.337,          6.011,          7.887,         20.313,         43.836,        477.913,        155.718,        121.109,        201.088,         69.829,         83.118,         76.846,          0.994,          0.765,          0.389,        366.527,        818.545,        916.502,       1185.072,         97.957,        101.686,        678.306,         38.908,       1901.237,       1435.497,        778.822,       1435.497,        778.822,        758.725,         -2.584,        -21.640,        -18.772,          0.330,          0.387,          0.417,          0.524,         21.708,         15.247
              5,         27.845,       5791.284,       2125.095,       3666.188,          2.389,       2754.277,       2009.249,        356.987,          3.932,         36.649,         70.221,        106.870,         33.656,         35.586,          5.952,          5.849,         31.187,         56.164,        696.821,        278.695,        150.209,        267.905,         86.607,        103.103,        111.295,          1.600,          0.909,          0.415,        368.035,       1166.893,       1190.130,       1534.928,         23.237,        122.621,        904.577,        140.187,       2009.249,       1515.017,        597.729,       1515.017,        597.729,        447.877,          3.546,         12.693,          9.673,          0.401,          0.410,          0.427,          0.562,         29.289,         14.325
              6,         27.794,       5760.426,       2101.079,       3659.349,          2.375,       2371.869,       1730.281,        358.687,          4.486,         41.805,         80.113,        121.918,         48.891,         48.232,          7.549,          7.011,         29.298,         47.671,        788.885,        339.469,        158.538,        290.882,         91.406,        108.826,        128.623,          2.234,          1.043,          0.395,        337.188,       1137.542,       1236.136,       1474.730,         98.594,        102.903,        813.858,        221.466,       1730.281,       1293.980,        493.533,       1293.980,        493.533,        282.699,         -3.829,        -13.415,        -10.649,          0.324,          0.385,          0.416,          0.585,         32.564,         13.960
              7,         27.849,       5799.719,       2136.770,       3662.955,          2.392,       2620.875,       1911.925,        360.387,          4.789,         44.635,         85.543,        130.178,         64.353,         58.014,          6.814,          8.517,         32.022,         46.575,        836.227,        364.525,        160.902,        310.795,         92.767,        110.430,        132.852,          2.882,          1.185,          0.443,        360.512,       1245.139,       1276.033,       1605.651,         30.894,         98.823,        820.617,        325.972,       1911.925,       1447.531,        594.081,       1447.531,        594.081,        243.912,          5.016,         32.834,         24.195,          0.425,          0.445,          0.443,          0.589,         33.392,         13.409
              8,         27.813,       5769.915,       2106.503,       3663.402,          2.397,       2998.942,       2187.725,        362.087,          4.997,         46.568,         89.251,        135.819,         80.065,         64.710,          8.622,          6.483,         31.990,         49.315,        868.950,        388.502,        163.511,        316.950,         94.280,        112.237,        139.886,          3.506,          1.322,          0.427,        362.406,       1203.616,       1281.694,       1566.022,         78.078,         85.128,        732.859,        386.027,       2187.725,       1740.539,       1018.900,       1740.539,       1018.900,        644.538,         -0.372,        -11.227,        -11.672,          0.417,          0.425,          0.430,          0.597,         34.657,         13.337
              9,         27.840,       5782.850,       2113.610,       3669.235,          2.358,       2603.749,       1887.449,        363.787,          5.130,         47.812,         91.637,        139.449,         95.877,         69.360,         10.315,          9.284,         27.375,         40.000,        883.210,        396.271,        164.532,        322.396,         94.854,        112.953,        140.018,          4.091,          1.450,          0.415,        344.889,       1122.453,       1278.821,       1467.342,        156.368,         71.877,        635.660,        415.240,       1887.449,       1473.560,        848.193,       1473.560,        848.193,        437.978,         -2.966,        -10.300,         -5.006,          0.358,          0.406,          0.424,          0.596,         34.761,         13.031
             10,         27.799,       5753.475,       2089.948,       3663.524,          2.320,       2168.361,       1560.649,        365.487,          5.215,         48.598,         93.144,        141.742,        111.740,         73.220,          8.049,          8.527,         26.171,         40.000,        895.150,        418.605,        165.087,        311.457,         95.224,        113.306,        135.621,          4.634,          1.500,          0.421,        345.116,       1061.437,       1268.305,       1406.553,        206.868,         63.236,        569.046,        429.329,       1560.649,       1150.727,        568.868,       1150.727,        568.868,        144.968,          1.549,         12.833,         -5.438,          0.389,          0.429,          0.418,          0.587,         34.165,         12.599
             11,         27.847,       5799.676,       2135.813,       3663.881,          2.323,       2416.157,       1730.326,        367.187,          5.268,         49.092,         94.092,        143.184,        127.634,         76.412,          9.564,          7.682,         35.095,         46.027,        919.929,        406.432,        165.345,        348.089,         95.265,        113.515,        143.784,          5.158,          1.500,          0.403,        363.128,       1219.246,       1325.281,       1582.374,        106.035,         72.099,        650.006,        497.668,       1730.326,       1294.423,        661.167,       1294.423,        661.167,        174.530,          0.652,        -16.755,        -11.046,          0.402,          0.399,          0.406,          0.601,         35.379,         12.915
             12,         27.829,       5776.683,       2109.602,       3667.084,          2.324,       2554.097,       1823.375,        368.887,          5.301,         49.403,         94.688,        144.091,        143.547,         79.045,          9.502,          8.552,         31.060,         40.822,        928.125,        427.350,        165.684,        335.184,         95.576,        113.589,        147.023,          5.642,          1.500,          0.410,        363.430,       1171.276,       1317.061,       1534.706,        145.785,         69.264,        624.335,        478.010,       1823.375,       1392.175,        767.076,       1392.175,        767.076,        277.840,         -1.527,          0.766,         11.222,          0.371,          0.400,          0.418,          0.606,         35.905,         13.025
             13,         27.830,       5786.281,       2122.536,       3663.750,          2.305,       2785.503,       1984.682,        370.587,          5.322,         49.598,         95.062,        144.660,        159.472,         81.213,          7.735,          7.255,         32.470,         48.493,        937.573,        453.851,        165.710,        318.000,         95.630,        113.880,        139.605,          6.099,          1.500,          0.421,        368.516,       1246.395,       1342.403,       1614.911,         96.008,         73.709,        664.414,        508.700,       1984.682,       1540.320,        855.395,       1540.320,        855.395,        352.625,          2.123,         20.514,         -5.925,          0.414,          0.438,          0.412,          0.593,         34.815,         12.580
             14,         27.840,       5784.426,       2115.458,       3668.971,          2.353,       2258.904,       1607.577,        372.287,          5.335,         49.720,         95.296,        145.016,        175.405,         82.995,          9.421,          7.379,         29.698,         43.288,        939.819,        458.080,        165.710,        315.936,         95.630,        113.880,        139.557,          6.515,          1.500,          0.402,        360.549,       1136.445,       1327.210,       1496.994,        190.765,         67.199,        605.761,        463.791,       1607.577,       1180.250,        594.165,       1180.250,        594.165,        139.327,         -0.425,        -19.657,         -8.959,          0.405,          0.402,          0.402,          0.593,         34.808,         12.547
             15,         27.840,       5788.969,       2124.050,       3664.920,          2.303,       2253.197,       1602.302,        373.987,          5.343,         49.796,         95.443,        145.239,        191.342,         84.459,          7.229,          8.391,         35.679,         44.658,        951.371,        453.872,        165.710,        331.662,         95.630,        113.880,        138.511,          6.909,          1.500,          0.364,        381.889,       1217.322,       1359.528,       1599.211,        142.206,         71.970,        648.913,        496.833,       1602.302,       1147.844,        485.060,       1147.844,        485.060,         59.999,          0.572,         13.871,        -71.770,          0.417,          0.427,          0.322,          0.592,         34.653,         12.472
             16,         27.797,       5755.443,       2092.937,       3662.510,          2.093,       2607.812,       1853.570,        375.687,          5.348,         49.844,         95.535,        145.379,        207.282,         85.661,          8.812,          8.631,         27.332,         44.658,        953.176,        454.523,        165.710,        332.779,         95.630,        113.880,        152.829,          7.276,          1.500,          0.430,        377.644,       1228.315,       1347.552,       1605.959,        119.237,         72.615,        654.634,        501.212,       1853.570,       1402.733,        740.952,       1402.733,        740.952,        147.061,          0.551,          7.156,         92.687,          0.428,          0.440,          0.425,          0.615,         36.772,         13.223
             17,         27.807,       5772.757,       2112.001,       3660.766,          2.341,       2402.554,       1707.153,        377.387,          5.352,         49.874,         95.593,        145.467,        223.223,         86.646,          6.135,          6.130,         34.816,         49.863,        960.038,        458.839,        165.930,        335.322,         95.630,        113.880,        142.881,          7.617,          1.500,          0.408,        382.972,       1223.987,       1377.767,       1606.959,        153.780,         72.358,        652.318,        499.447,       1707.153,       1254.685,        614.432,       1254.685,        614.432,        133.227,         -2.858,        -12.064,        -18.237,          0.371,          0.418,          0.405,          0.599,         35.300,         12.684
             18,         27.836,       5783.750,       2117.466,       3666.262,          2.406,       2727.081,       1937.367,        379.087,          5.354,         49.893,         95.629,        145.522,        239.166,         87.454,          8.906,          8.139,         34.169,         44.384,        970.946,        459.375,        166.075,        345.677,         95.630,        113.880,        149.823,          7.941,          1.500,          0.409,        401.994,       1316.087,       1412.957,       1718.081,         96.870,         77.821,        701.617,        537.181,       1937.367,       1455.846,        752.205,       1455.846,        752.205,        217.839,          1.684,          2.024,         -2.795,          0.404,          0.422,          0.401,          0.610,         36.327,         13.048
             19,         27.838,       5790.633,       2125.542,       3665.091,          2.198,       3021.720,       2146.427,        380.787,          5.355,         49.905,         95.651,        145.556,        255.110,         88.116,          8.341,         10.031,         34.234,         44.658,        975.168,        461.870,        166.075,        347.380,         95.630,        113.880,        149.937,          8.244,          1.500,          0.402,        391.965,       1332.060,       1423.318,       1724.025,         91.258,         78.766,        710.006,        543.609,       2146.427,       1675.077,        951.416,       1675.077,        951.416,        433.095,          0.606,         13.654,        -25.272,          0.416,          0.447,          0.373,          0.611,         36.344,         13.052
             20,         27.827,       5783.987,       2122.052,       3661.936,          2.399,       2696.724,       1915.430,        382.487,          5.356,         49.912,         95.665,        145.577,        271.054,         88.659,         10.067,          8.351,         30.758,         46.849,        973.766,        462.568,        166.075,        345.283,         95.630,        113.880,        154.761,          8.524,          1.500,          0.381,        402.897,       1268.393,       1428.517,       1671.290,        160.124,         74.999,        676.133,        517.660,       1915.430,       1441.676,        797.874,       1441.676,        797.874,        274.160,         -4.181,        -32.320,          6.042,          0.333,          0.388,          0.380,          0.618,         37.058,         13.306
