# GPS: 4.16791, 102.26261 deg., Elev: 266.83 m, Station: 2 m
# 1981/01/01 - 1981/12/31
*doy,tmin,tmax,wind,rain
1,20.7,26.62,0.3,3.99
2,20.62,27.31,0.19,6.32
3,20.92,26.42,0.27,1.22
4,20.59,27.76,0.26,11.52
5,20.5,27.79,0.25,6.37
6,20.67,27.36,0.18,1.08
7,21.13,27.57,0.21,3.81
8,20.75,27.64,0.28,3.42
9,20.56,27.78,0.28,5.81
10,18.53,27.01,0.37,19.59
11,19.17,25.33,0.38,5.69
12,17.92,26.31,0.42,0.17
13,18.12,25.55,0.33,0.05
14,18.01,27.31,0.26,0.47
15,19.8,27.43,0.24,2.4
16,20.06,27.28,0.24,2.26
17,19.96,26.77,0.33,1.75
18,18.41,27.11,0.37,1.07
19,18.44,27.55,0.34,1.26
20,19.77,27.7,0.26,4.71
21,19.33,28.42,0.23,3.9
22,20.25,28.59,0.24,0.73
23,19.86,28.27,0.27,6.18
24,19.54,28.05,0.33,0.61
25,19.22,27.15,0.38,0.86
26,17.78,27.34,0.38,0.47
27,18.49,28.11,0.37,0.92
28,19.34,28.86,0.3,0.42
29,19.86,28.15,0.25,0.02
30,19.97,29.15,0.3,0.23
31,20.27,27.93,0.29,20.82
32,20.61,27.72,0.32,20.22
33,20.56,27.81,0.32,4.08
34,20.41,28.6,0.29,9.72
35,19.99,28.9,0.32,3.9
36,20.58,28.04,0.34,6.54
37,20.67,28.02,0.33,7.38
38,20.11,28.08,0.36,0.37
39,20.14,27.96,0.37,6.72
40,19.5,27.82,0.35,13.62
41,19.63,28.36,0.32,1.29
42,20.71,27.42,0.31,5.22
43,20.98,27.64,0.29,2.18
44,20.48,28.54,0.23,14.41
45,21.03,28.66,0.18,4.61
46,21.6,28.56,0.26,3.2
47,20.87,28.66,0.15,0.55
48,21.82,29.11,0.17,0.0
49,21.61,27.64,0.26,0.0
50,21.07,29.15,0.19,2.56
51,20.11,29.11,0.29,0.49
52,19.76,29.77,0.31,0.01
53,21.07,29.2,0.34,0.08
54,21.05,29.46,0.3,5.85
55,21.04,29.8,0.31,1.38
56,22.3,28.5,0.26,2.07
57,21.6,29.11,0.27,16.36
58,20.71,26.97,0.33,42.96
59,21.55,28.06,0.26,3.29
60,20.33,29.0,0.32,0.08
61,19.2,28.65,0.37,1.1
62,18.4,28.84,0.33,0.5
63,19.38,29.1,0.33,2.54
64,20.51,29.27,0.37,0.49
65,19.41,28.86,0.37,0.3
66,20.04,28.62,0.36,7.54
67,19.76,28.58,0.38,3.43
68,20.08,29.98,0.3,0.34
69,21.07,28.94,0.32,0.17
70,21.25,29.44,0.34,0.87
71,20.14,28.69,0.43,0.07
72,20.05,29.77,0.39,0.2
73,21.22,29.64,0.36,4.34
74,21.25,30.17,0.37,0.54
75,21.35,30.06,0.35,0.0
76,19.22,29.61,0.38,0.0
77,21.59,30.16,0.22,0.0
78,21.93,30.2,0.25,0.0
79,21.48,30.3,0.23,0.21
80,22.13,30.39,0.26,4.89
81,21.31,29.96,0.34,1.76
82,21.4,29.97,0.32,12.16
83,21.88,30.25,0.27,1.36
84,21.52,30.26,0.35,0.64
85,20.35,29.37,0.39,1.55
86,20.07,29.7,0.3,10.53
87,21.54,29.83,0.34,0.89
88,21.47,30.09,0.35,5.49
89,21.9,29.97,0.31,7.15
90,22.43,30.66,0.31,16.47
91,22.26,29.79,0.29,16.92
92,22.52,30.88,0.21,13.82
93,22.61,29.2,0.23,5.15
94,22.62,29.7,0.17,3.32
95,22.94,30.04,0.22,3.15
96,23.25,27.28,0.23,3.6
97,22.92,30.34,0.16,1.91
98,22.83,29.35,0.18,4.14
99,22.35,30.03,0.24,5.9
100,22.06,29.75,0.35,18.47
101,21.84,29.68,0.31,5.48
102,21.73,30.27,0.29,0.22
103,21.77,29.71,0.3,12.42
104,22.32,29.62,0.28,10.67
105,21.34,30.01,0.25,2.12
106,22.09,29.84,0.23,5.12
107,22.04,30.73,0.11,0.63
108,23.14,28.78,0.18,21.79
109,21.37,30.83,0.2,2.39
110,22.83,30.41,0.15,0.61
111,23.21,29.1,0.25,10.85
112,22.75,28.37,0.15,4.11
113,22.74,30.25,0.15,3.22
114,22.4,30.35,0.27,0.82
115,21.37,30.62,0.32,0.08
116,21.28,30.22,0.27,0.28
117,21.34,29.87,0.31,5.66
118,21.61,29.6,0.36,8.44
119,22.27,30.31,0.29,2.55
120,22.4,30.43,0.29,19.71
121,22.63,30.32,0.23,3.82
122,22.94,29.64,0.2,1.1
123,22.85,30.06,0.29,1.74
124,22.49,30.26,0.19,0.55
125,21.66,29.65,0.14,0.71
126,23.02,27.62,0.12,0.78
127,22.63,27.24,0.17,2.23
128,22.83,27.73,0.12,0.33
129,22.99,29.11,0.14,2.74
130,23.15,29.92,0.22,4.21
131,22.99,28.95,0.24,2.07
132,23.21,29.46,0.19,7.58
133,22.49,30.31,0.19,1.73
134,23.16,30.92,0.21,0.24
135,24.09,29.97,0.2,5.0
136,23.19,28.57,0.23,2.72
137,23.4,29.13,0.2,10.79
138,23.41,30.78,0.24,5.22
139,22.54,30.95,0.29,1.56
140,23.44,31.0,0.18,0.92
141,23.63,29.01,0.17,0.25
142,23.22,30.03,0.24,13.48
143,23.56,29.46,0.11,3.59
144,22.85,28.97,0.23,8.14
145,23.08,27.19,0.24,10.02
146,22.58,28.27,0.27,13.06
147,22.39,29.92,0.27,1.85
148,22.6,30.64,0.27,2.55
149,23.21,29.02,0.25,9.58
150,22.49,29.73,0.25,5.2
151,23.07,29.06,0.21,11.96
152,22.62,29.93,0.26,1.81
153,22.34,29.83,0.25,4.32
154,22.82,29.34,0.2,2.01
155,22.32,29.44,0.22,5.86
156,22.67,28.99,0.23,0.5
157,22.18,29.15,0.26,0.01
158,22.13,28.12,0.25,0.05
159,22.92,28.12,0.3,19.31
160,22.04,28.97,0.32,4.55
161,22.24,27.89,0.3,0.46
162,21.55,29.19,0.34,0.0
163,22.13,28.99,0.35,1.23
164,21.64,28.64,0.35,0.17
165,22.02,29.25,0.29,0.08
166,22.47,28.13,0.28,0.03
167,22.09,28.9,0.2,0.03
168,23.4,29.57,0.2,0.19
169,22.93,28.09,0.27,0.02
170,22.26,28.8,0.24,0.0
171,22.2,29.35,0.29,0.0
172,21.96,29.07,0.31,0.0
173,21.73,29.24,0.26,0.0
174,22.14,29.03,0.28,0.04
175,22.31,29.37,0.25,3.05
176,22.31,29.91,0.22,1.84
177,22.6,28.26,0.18,1.1
178,21.9,28.88,0.23,0.29
179,22.27,28.98,0.23,3.34
180,22.65,27.8,0.15,0.55
181,21.1,29.72,0.26,0.04
182,21.99,29.33,0.35,1.69
183,22.13,28.79,0.31,0.57
184,22.35,27.79,0.33,9.17
185,22.03,28.34,0.39,0.94
186,20.98,28.75,0.38,0.16
187,20.49,27.82,0.29,0.04
188,21.35,29.98,0.26,1.06
189,22.11,28.97,0.32,1.92
190,21.48,27.88,0.31,5.31
191,21.78,28.37,0.21,3.22
192,21.84,29.56,0.25,2.2
193,22.34,27.74,0.18,7.81
194,22.37,26.76,0.2,4.3
195,21.48,29.23,0.25,3.93
196,22.02,28.0,0.29,3.05
197,21.9,28.91,0.28,4.3
198,21.96,28.98,0.32,2.02
199,22.28,27.39,0.29,2.5
200,22.19,28.09,0.29,1.49
201,21.8,28.03,0.34,3.31
202,21.77,28.71,0.27,1.06
203,22.19,28.28,0.28,12.53
204,21.88,28.01,0.29,4.31
205,22.09,28.05,0.33,6.33
206,21.45,27.84,0.29,0.61
207,21.7,28.84,0.29,1.29
208,21.33,27.49,0.29,6.43
209,21.48,29.13,0.3,9.18
210,21.84,27.92,0.33,7.63
211,21.48,29.19,0.27,0.48
212,22.39,28.62,0.28,0.02
213,21.91,28.17,0.35,0.0
214,21.44,29.59,0.31,0.01
215,21.59,30.51,0.24,0.0
216,21.7,29.37,0.33,0.0
217,21.31,30.15,0.36,1.51
218,21.78,28.78,0.38,0.13
219,21.39,30.08,0.37,0.0
220,21.61,29.42,0.37,0.18
221,21.92,29.13,0.37,0.0
222,21.33,29.46,0.41,0.2
223,21.06,30.43,0.32,1.95
224,21.42,29.75,0.35,0.75
225,21.22,29.65,0.26,0.27
226,22.39,29.13,0.27,0.05
227,22.45,29.67,0.34,0.77
228,21.63,30.67,0.33,0.32
229,21.84,31.01,0.3,1.73
230,21.86,29.29,0.31,2.45
231,21.39,29.9,0.34,20.74
232,21.94,30.29,0.28,8.19
233,21.68,29.65,0.26,3.7
234,22.48,26.55,0.22,1.6
235,22.32,28.79,0.26,1.15
236,22.35,27.97,0.28,10.81
237,21.54,29.34,0.31,0.97
238,20.95,29.44,0.29,1.98
239,22.01,28.39,0.24,0.39
240,21.79,29.8,0.2,1.16
241,22.12,29.25,0.25,14.76
242,21.58,30.21,0.27,6.01
243,22.29,30.36,0.28,0.12
244,22.24,29.94,0.26,2.49
245,22.26,30.5,0.17,6.81
246,22.08,28.69,0.24,13.97
247,21.5,29.8,0.28,4.24
248,22.3,30.21,0.2,1.6
249,22.37,28.68,0.14,19.65
250,22.62,28.5,0.1,18.01
251,22.11,29.74,0.2,4.49
252,21.67,30.42,0.23,2.39
253,22.03,30.83,0.17,16.74
254,22.59,30.11,0.15,2.88
255,22.54,29.33,0.15,12.22
256,22.47,28.79,0.28,23.18
257,22.34,27.97,0.3,5.03
258,21.83,29.21,0.26,11.03
259,22.02,28.72,0.3,7.21
260,21.49,29.14,0.23,2.2
261,22.24,29.35,0.28,8.4
262,21.49,30.02,0.3,1.11
263,21.62,29.93,0.33,9.28
264,22.07,29.22,0.31,2.99
265,21.87,29.34,0.27,0.63
266,22.03,29.07,0.26,13.48
267,21.58,29.39,0.25,10.03
268,22.07,29.69,0.27,5.64
269,22.38,29.4,0.3,2.39
270,21.08,30.5,0.43,1.67
271,21.68,29.78,0.38,0.82
272,21.45,29.51,0.3,0.46
273,22.25,29.5,0.22,5.59
274,22.37,29.45,0.29,1.87
275,21.95,30.5,0.24,0.13
276,22.64,28.92,0.26,0.34
277,22.42,29.33,0.31,2.54
278,22.11,28.47,0.22,12.05
279,21.99,29.73,0.28,22.49
280,21.84,29.79,0.22,10.36
281,22.35,28.74,0.16,4.59
282,22.06,25.62,0.21,6.23
283,21.46,29.73,0.21,20.65
284,21.75,28.53,0.28,5.09
285,21.93,27.95,0.24,5.52
286,22.41,27.88,0.24,15.65
287,21.96,29.04,0.28,22.39
288,21.96,27.62,0.3,33.4
289,21.53,27.03,0.3,46.56
290,21.77,27.28,0.32,20.76
291,21.65,29.19,0.31,16.07
292,22.17,28.87,0.25,22.78
293,21.95,28.65,0.29,44.62
294,22.0,29.97,0.23,8.06
295,22.45,29.36,0.2,3.96
296,22.48,30.25,0.25,2.77
297,21.72,30.75,0.22,1.51
298,21.49,30.15,0.32,5.57
299,21.89,29.3,0.24,11.9
300,22.41,28.04,0.2,10.41
301,22.2,29.71,0.21,6.35
302,22.3,29.56,0.28,6.25
303,22.51,26.67,0.26,3.75
304,22.0,28.7,0.27,1.71
305,21.81,27.71,0.29,7.11
306,21.92,27.96,0.24,5.1
307,22.12,26.3,0.17,3.54
308,21.82,26.58,0.2,3.6
309,21.58,29.5,0.22,6.66
310,22.24,27.55,0.26,53.96
311,21.44,29.42,0.22,10.86
312,22.6,28.92,0.15,0.37
313,22.46,26.89,0.15,4.7
314,22.08,27.66,0.28,7.68
315,21.41,25.29,0.28,3.8
316,21.52,26.34,0.32,26.09
317,21.42,27.23,0.29,6.65
318,21.96,27.84,0.18,12.49
319,21.9,29.33,0.18,16.01
320,22.32,28.18,0.24,16.99
321,22.18,27.06,0.23,7.61
322,22.01,28.75,0.24,3.1
323,21.92,27.91,0.21,20.14
324,21.4,29.03,0.29,8.23
325,21.54,28.64,0.35,11.12
326,21.97,26.74,0.25,3.81
327,22.13,28.21,0.15,2.03
328,22.22,28.84,0.21,3.33
329,22.33,27.33,0.24,3.68
330,22.21,28.03,0.22,3.9
331,21.41,29.27,0.33,12.12
332,20.56,27.21,0.35,5.87
333,20.8,28.24,0.29,2.34
334,21.28,25.58,0.22,18.85
335,21.53,25.95,0.23,5.33
336,21.14,27.71,0.26,5.3
337,21.43,27.19,0.16,2.42
338,21.21,28.13,0.26,6.71
339,22.16,25.48,0.21,7.0
340,21.61,26.74,0.29,3.38
341,21.56,27.72,0.13,4.87
342,21.08,27.12,0.29,2.06
343,20.6,28.8,0.25,1.02
344,21.76,25.18,0.21,18.23
345,20.79,23.73,0.31,14.83
346,19.19,26.85,0.33,24.07
347,20.56,28.35,0.33,3.9
348,21.04,27.04,0.32,41.54
349,20.71,27.47,0.31,16.88
350,20.91,28.05,0.4,13.82
351,20.49,27.64,0.4,1.23
352,19.17,27.42,0.46,0.21
353,19.46,27.12,0.44,1.43
354,19.13,27.55,0.43,0.13
355,18.92,27.59,0.44,0.0
356,18.93,28.08,0.4,0.08
357,18.46,27.16,0.4,5.02
358,18.06,27.46,0.4,0.19
359,17.87,28.12,0.34,0.0
360,18.23,27.94,0.37,0.0
361,18.53,29.02,0.31,0.88
362,20.36,29.1,0.26,5.77
363,21.07,28.82,0.25,10.76
364,20.34,28.79,0.31,0.29
365,20.8,27.98,0.33,12.98
