# GPS: 3.73841, 101.59791 deg., Elev: 335.18 m, Station: 2 m
# 1981/01/01 - 1981/12/31
*doy,tmin,tmax,wind,rain
1,21.1,27.34,0.77,6.42
2,21.19,26.23,0.63,12.4
3,21.34,26.31,1.03,1.98
4,20.35,27.27,0.81,9.29
5,20.93,26.28,0.69,5.47
6,20.62,28.06,0.69,0.95
7,21.27,27.84,0.65,3.36
8,21.4,26.38,0.85,2.87
9,20.75,26.8,1.0,1.81
10,19.28,27.34,1.5,35.33
11,19.6,25.1,1.61,7.13
12,18.38,26.13,1.78,0.16
13,17.98,26.1,1.25,0.04
14,18.43,27.32,0.91,0.2
15,20.33,27.66,0.73,2.16
16,20.36,27.4,0.83,1.48
17,20.33,26.54,1.45,0.76
18,18.91,26.62,1.57,0.97
19,18.98,27.37,1.08,0.99
20,20.0,27.76,0.98,4.52
21,19.96,28.2,0.79,4.38
22,20.7,28.24,0.98,1.07
23,20.4,27.79,0.93,11.62
24,20.11,27.58,1.5,0.84
25,19.48,27.57,1.41,1.0
26,18.57,27.42,1.29,0.58
27,18.91,27.85,1.28,0.73
28,19.82,28.25,1.04,0.72
29,20.55,27.89,0.86,0.02
30,20.48,28.56,1.05,0.1
31,20.5,28.35,0.85,4.94
32,20.94,27.97,0.95,13.22
33,20.83,27.9,1.24,3.81
34,20.71,28.39,0.88,9.84
35,20.8,28.62,1.0,4.01
36,20.53,28.25,1.33,5.98
37,20.71,27.33,1.12,11.54
38,20.23,28.03,1.08,0.96
39,19.95,28.29,1.18,1.76
40,19.97,27.81,1.16,23.24
41,19.98,27.7,1.22,0.43
42,20.96,27.77,1.1,2.78
43,21.47,27.09,0.8,2.14
44,21.11,27.11,0.61,23.73
45,22.08,26.0,0.43,6.6
46,21.46,27.13,0.38,8.23
47,21.87,28.45,0.61,0.7
48,22.5,29.51,0.51,0.01
49,22.09,28.64,0.62,0.01
50,21.37,28.5,0.63,4.71
51,20.83,28.87,1.13,0.24
52,20.37,29.55,1.06,0.02
53,21.33,29.06,1.07,0.07
54,21.47,29.3,0.83,10.51
55,21.66,29.78,0.73,2.44
56,22.52,28.64,0.55,4.05
57,22.0,28.8,0.6,14.23
58,20.61,27.77,0.88,32.44
59,21.75,27.57,0.72,5.8
60,20.35,28.85,0.92,0.13
61,20.68,28.53,1.02,2.66
62,18.51,28.82,1.13,0.16
63,19.84,29.2,1.16,3.44
64,20.92,29.18,1.21,0.82
65,19.53,28.87,1.43,0.34
66,19.83,28.76,1.25,14.94
67,20.16,28.92,1.29,1.67
68,20.56,29.52,0.91,0.19
69,21.71,28.76,1.06,0.21
70,21.28,29.13,1.16,0.72
71,20.26,28.65,1.47,0.04
72,19.95,29.62,1.29,0.48
73,21.41,29.63,1.3,7.42
74,21.55,30.07,1.21,1.43
75,21.48,29.99,1.15,0.01
76,19.6,29.55,1.05,0.01
77,20.9,30.53,0.48,0.01
78,21.79,30.01,0.92,0.0
79,21.86,29.85,0.83,0.15
80,22.08,30.27,0.86,8.59
81,21.07,30.19,0.96,1.9
82,21.12,30.01,0.73,19.49
83,21.68,29.76,0.61,3.13
84,21.76,30.09,1.07,1.36
85,21.13,29.81,1.17,1.61
86,20.22,29.52,1.05,15.51
87,21.64,29.86,1.07,1.29
88,21.79,30.04,1.11,5.04
89,22.04,29.72,0.85,7.01
90,22.56,29.96,0.69,14.7
91,22.51,29.96,0.86,23.62
92,22.48,30.31,0.53,17.18
93,23.21,27.79,0.71,7.32
94,22.44,29.22,0.56,6.24
95,22.94,29.87,0.52,3.99
96,23.67,27.45,0.89,1.23
97,22.13,29.94,0.68,0.86
98,23.21,28.7,0.48,4.72
99,22.78,30.05,0.91,3.25
100,22.29,29.52,1.34,20.76
101,22.1,29.11,1.38,4.39
102,21.71,29.59,1.25,0.2
103,22.04,29.36,1.14,21.19
104,22.54,28.07,0.73,16.29
105,21.56,29.17,0.85,5.1
106,21.76,29.2,0.98,2.96
107,21.46,30.44,0.46,0.43
108,22.93,27.15,0.87,25.6
109,20.68,30.53,0.75,1.14
110,22.81,27.54,0.84,0.45
111,21.91,27.64,1.19,2.94
112,22.13,28.52,0.77,2.24
113,22.36,29.61,0.59,4.4
114,22.86,30.05,0.48,1.55
115,21.37,30.82,0.6,0.21
116,21.35,30.67,0.52,0.58
117,21.48,30.24,0.78,9.96
118,21.57,29.65,0.94,12.6
119,22.18,29.93,0.74,4.57
120,22.47,29.93,0.72,31.56
121,22.22,29.59,0.44,6.09
122,23.09,29.92,0.41,1.77
123,22.53,30.32,0.62,1.72
124,22.39,30.27,0.27,0.7
125,22.48,28.61,0.53,0.65
126,22.58,27.34,0.63,0.43
127,22.27,28.49,0.96,0.94
128,23.07,27.65,0.63,0.35
129,22.99,29.02,0.38,2.66
130,23.39,28.45,0.64,5.11
131,23.24,27.26,0.89,1.45
132,22.66,28.81,0.62,14.22
133,22.41,29.59,0.71,2.59
134,23.33,29.67,0.96,0.25
135,23.85,29.37,0.81,6.26
136,23.25,27.24,1.05,3.98
137,22.58,29.22,0.51,7.81
138,23.2,30.19,0.5,6.75
139,22.71,30.25,0.74,0.86
140,23.33,30.41,0.74,0.6
141,22.86,29.94,0.5,0.3
142,23.28,29.58,0.74,13.93
143,23.41,27.7,0.56,4.9
144,23.25,28.26,0.99,7.14
145,22.88,26.83,0.86,5.95
146,22.48,28.82,0.92,10.56
147,22.11,29.8,0.98,0.65
148,22.27,30.49,0.79,3.87
149,23.36,29.11,0.72,12.22
150,22.02,29.74,0.54,7.42
151,22.71,29.24,0.42,18.01
152,22.75,29.2,0.82,3.2
153,22.04,29.61,0.93,3.34
154,22.49,29.3,0.75,1.45
155,22.04,28.84,0.78,10.39
156,22.34,28.12,0.91,0.73
157,21.71,28.03,0.99,0.05
158,21.71,27.58,0.91,0.1
159,22.41,27.41,0.88,16.9
160,21.99,28.33,1.01,2.18
161,22.09,27.56,1.18,0.26
162,21.54,28.3,1.22,0.01
163,22.31,28.6,1.2,0.62
164,21.48,28.36,1.02,0.24
165,21.71,28.67,1.13,0.06
166,22.05,27.86,1.05,0.08
167,21.79,29.17,0.76,0.05
168,22.79,28.59,0.74,0.4
169,22.4,28.21,1.03,0.02
170,22.08,28.79,0.91,0.0
171,21.92,29.37,0.94,0.0
172,21.38,28.73,1.28,0.01
173,20.91,29.24,0.93,0.01
174,22.32,28.94,0.61,0.05
175,22.34,29.02,0.93,0.99
176,22.35,29.3,1.09,0.81
177,22.18,28.03,0.97,0.32
178,21.35,28.38,1.06,0.15
179,21.99,28.7,0.85,3.96
180,22.08,28.08,0.49,0.5
181,21.3,29.46,0.76,0.08
182,21.63,29.09,0.94,0.57
183,21.84,28.16,1.09,0.24
184,21.9,27.16,1.08,14.23
185,22.03,27.65,1.26,2.41
186,21.04,27.81,1.08,0.12
187,19.95,28.28,0.83,0.03
188,21.41,29.49,0.75,0.34
189,21.88,28.45,0.88,0.44
190,21.52,27.94,0.93,2.05
191,21.71,28.05,0.53,1.53
192,21.8,28.99,0.7,4.73
193,22.02,28.26,0.62,10.67
194,22.22,27.28,0.95,7.98
195,21.31,28.69,0.94,1.05
196,21.71,27.65,0.96,2.62
197,21.71,28.01,1.29,4.66
198,22.04,28.03,1.44,2.69
199,22.2,27.32,1.22,4.66
200,21.87,28.3,0.89,2.87
201,21.91,27.59,1.25,4.38
202,21.65,28.57,1.06,3.04
203,22.12,28.11,1.0,3.48
204,21.57,28.4,1.25,0.88
205,22.11,27.73,1.28,6.89
206,21.63,27.55,1.37,1.11
207,21.33,28.12,1.41,1.06
208,21.12,27.93,1.17,2.12
209,21.36,28.61,1.19,2.59
210,21.21,27.53,1.0,6.82
211,21.57,28.88,1.03,0.93
212,22.08,28.58,1.09,0.03
213,21.76,27.95,1.28,0.01
214,21.19,29.1,1.18,0.01
215,20.76,30.03,0.89,0.0
216,21.65,29.09,0.95,0.0
217,21.22,29.68,0.98,0.36
218,21.54,28.39,1.27,0.02
219,21.36,29.39,1.44,0.0
220,21.51,28.54,1.31,0.35
221,22.11,28.5,1.32,0.01
222,21.15,28.76,1.48,0.09
223,21.06,29.06,1.24,0.51
224,21.56,29.18,1.31,0.13
225,20.73,28.96,1.11,0.3
226,21.97,28.7,0.97,0.05
227,22.39,28.85,0.97,1.43
228,21.29,29.98,1.04,0.45
229,21.56,30.44,0.99,1.24
230,21.89,28.24,0.86,1.25
231,21.64,28.51,1.42,14.63
232,21.76,29.3,1.08,6.02
233,21.25,28.99,0.92,0.85
234,22.18,26.96,0.86,0.64
235,22.21,28.98,1.02,1.59
236,22.47,27.67,0.71,12.3
237,21.66,28.29,1.14,2.09
238,20.56,28.7,1.13,0.9
239,21.46,28.2,0.74,0.2
240,21.46,29.39,0.74,0.48
241,21.67,28.76,0.92,14.09
242,21.83,29.55,0.94,9.39
243,22.37,29.52,1.02,0.08
244,22.34,29.18,0.96,3.06
245,21.99,29.7,0.77,5.33
246,22.67,28.41,0.98,13.86
247,21.28,29.11,0.99,5.75
248,21.82,29.37,0.9,0.45
249,22.2,27.66,0.87,28.3
250,22.38,27.63,0.45,21.66
251,22.1,28.63,0.52,4.94
252,21.33,29.63,0.98,4.16
253,22.79,28.94,0.65,29.69
254,22.66,29.63,0.57,3.53
255,22.39,28.71,0.47,13.05
256,22.46,28.08,1.22,23.67
257,22.06,27.58,1.09,7.36
258,21.49,28.03,1.1,16.86
259,21.62,27.56,1.25,9.82
260,20.78,29.61,0.94,2.58
261,21.53,28.74,1.1,6.77
262,21.09,28.53,1.19,0.69
263,21.18,28.96,1.08,9.68
264,22.18,28.17,1.05,3.42
265,21.81,28.26,0.9,0.34
266,21.73,29.2,0.99,5.61
267,21.29,28.76,1.06,10.45
268,21.61,28.5,1.24,2.18
269,21.72,29.17,1.41,0.86
270,21.14,29.11,1.78,1.52
271,21.65,29.2,1.76,1.35
272,21.43,28.72,1.25,0.17
273,21.93,28.78,0.95,1.75
274,21.74,28.98,0.92,0.49
275,21.61,30.24,0.91,0.07
276,22.2,28.65,0.88,0.21
277,22.18,28.54,1.08,1.09
278,21.56,28.73,0.71,8.75
279,22.11,29.02,0.89,15.03
280,21.55,29.11,0.93,7.1
281,22.14,29.36,0.81,5.76
282,21.97,27.11,0.77,2.38
283,21.87,27.03,0.94,24.76
284,21.62,27.58,1.22,6.49
285,21.54,27.67,1.03,9.6
286,22.46,25.78,1.09,23.93
287,21.58,27.91,1.2,26.17
288,22.02,26.4,1.19,42.45
289,21.61,26.74,1.18,47.91
290,21.82,26.94,1.36,32.07
291,21.4,27.97,1.27,22.33
292,21.87,27.52,1.14,27.69
293,21.38,26.72,1.1,31.57
294,21.48,28.99,1.01,5.49
295,21.93,28.99,0.92,6.92
296,23.23,29.23,0.39,4.34
297,22.19,29.69,0.56,3.11
298,21.63,29.34,0.97,8.01
299,21.96,29.17,0.76,8.52
300,22.46,27.31,0.98,5.89
301,21.69,28.72,1.28,6.8
302,22.03,28.47,1.17,6.02
303,22.16,26.51,1.15,2.86
304,21.77,27.02,0.93,0.82
305,21.59,27.24,0.96,4.65
306,21.54,27.37,1.01,4.98
307,21.78,27.29,0.83,2.95
308,21.64,27.98,1.0,5.36
309,21.27,28.67,1.05,3.52
310,21.81,27.31,1.08,17.11
311,21.07,28.64,0.94,1.99
312,22.0,28.6,0.73,0.22
313,21.75,27.08,0.73,7.41
314,21.67,27.53,1.28,5.82
315,21.04,25.69,1.19,2.21
316,21.14,26.31,1.35,10.98
317,21.03,27.4,1.55,1.9
318,21.33,27.71,0.97,3.34
319,21.4,28.85,1.09,3.12
320,22.5,28.13,0.96,13.96
321,22.44,27.27,0.93,8.78
322,21.71,28.55,1.16,2.78
323,22.31,27.79,1.03,33.61
324,21.92,27.52,1.22,14.75
325,21.41,27.21,1.59,12.57
326,21.44,26.7,1.15,1.99
327,21.63,28.01,0.85,1.59
328,21.95,27.68,0.98,5.0
329,21.9,27.55,0.8,3.08
330,21.9,27.88,0.52,4.73
331,21.85,28.49,0.83,22.57
332,20.28,27.4,1.0,1.55
333,20.88,27.63,0.97,2.21
334,21.24,26.0,0.93,4.69
335,21.83,26.86,0.93,1.13
336,21.35,27.02,1.0,1.79
337,21.05,27.77,0.56,0.69
338,21.12,28.62,0.74,0.98
339,22.38,25.29,0.71,2.56
340,22.24,26.29,0.58,6.26
341,21.56,26.27,0.47,3.66
342,21.55,26.51,0.74,2.31
343,20.59,28.48,1.27,1.31
344,21.93,25.94,1.12,4.65
345,20.56,24.15,1.26,4.57
346,19.2,27.3,1.09,7.16
347,20.77,28.17,1.08,0.95
348,21.03,27.26,1.22,14.37
349,20.76,26.95,0.97,17.23
350,21.05,28.28,1.42,6.34
351,20.46,27.86,1.71,0.42
352,19.33,27.59,1.79,0.21
353,19.2,27.41,1.91,0.42
354,19.11,27.57,1.81,0.02
355,19.39,27.61,1.82,0.01
356,19.13,27.93,1.56,0.04
357,19.04,27.27,1.54,8.73
358,18.75,27.64,1.67,0.54
359,18.25,27.91,1.32,0.02
360,19.12,28.02,1.33,0.04
361,18.83,28.62,1.12,3.03
362,20.23,28.84,0.7,8.88
363,21.29,28.4,0.95,14.07
364,20.65,28.74,1.22,0.9
365,20.86,28.2,1.09,14.13
