# GPS: 2.43801, 102.14241 deg., Elev: 47.13 m, Station: 2 m
# 1981/01/01 - 1990/12/31
*doy,tmin,tmax,wind,rain
1,23.89,28.4,0.94,1.75
2,24.09,28.03,0.96,4.99
3,24.05,29.16,1.03,1.75
4,23.77,28.5,1.18,3.01
5,23.41,28.77,1.02,2.22
6,23.42,28.87,1.06,5.77
7,23.35,29.56,1.05,2.75
8,23.52,28.58,1.22,1.21
9,23.45,28.26,1.12,0.87
10,22.9,28.79,1.48,9.11
11,22.54,27.34,1.87,6.04
12,21.87,27.91,1.84,0.05
13,21.82,28.29,1.6,0.0
14,22.18,28.81,1.3,0.0
15,22.78,29.43,1.24,0.07
16,23.14,28.5,1.46,0.92
17,22.8,28.75,1.66,0.4
18,22.16,27.98,1.64,0.6
19,22.07,28.73,1.37,0.39
20,22.77,29.54,1.24,0.17
21,22.59,29.33,1.15,4.11
22,23.21,29.78,1.21,2.59
23,23.13,29.25,1.13,4.15
24,22.82,29.39,1.6,0.92
25,22.45,29.18,1.45,0.08
26,22.12,28.78,1.51,0.02
27,22.22,29.46,1.37,0.05
28,22.69,29.44,1.23,0.03
29,23.41,29.5,1.4,0.38
30,23.38,29.46,1.44,0.64
31,23.42,29.43,0.96,1.79
32,23.31,27.97,1.25,14.71
33,23.72,29.23,1.35,23.11
34,23.36,29.4,1.17,14.25
35,23.41,30.02,1.05,0.56
36,23.31,29.16,1.5,0.88
37,23.66,28.66,1.31,4.15
38,23.28,29.08,1.28,1.49
39,23.14,29.75,1.25,0.64
40,23.41,29.65,1.19,8.22
41,23.09,29.11,1.2,1.36
42,23.54,29.22,1.26,0.57
43,23.72,28.16,1.4,2.17
44,23.82,28.98,1.02,34.33
45,24.67,28.74,0.81,28.32
46,24.08,30.41,0.91,49.89
47,23.76,30.09,1.1,2.4
48,24.34,30.37,1.27,0.68
49,23.62,30.44,0.97,0.52
50,24.4,27.79,0.93,1.77
51,23.07,30.31,1.3,0.36
52,23.03,30.46,1.28,0.13
53,23.62,29.98,1.25,0.2
54,24.2,30.55,1.15,3.31
55,23.91,30.48,0.98,4.77
56,24.21,29.86,0.94,21.69
57,24.65,27.29,0.75,5.59
58,23.52,29.81,0.74,13.67
59,23.67,28.19,1.18,3.57
60,23.21,30.36,1.1,0.44
61,23.26,30.03,1.3,2.19
62,22.6,30.16,1.28,0.02
63,23.05,30.43,1.25,3.0
64,23.88,30.44,1.4,1.33
65,23.35,30.19,1.3,2.17
66,23.66,30.27,1.37,7.32
67,23.73,30.33,1.38,3.23
68,23.87,30.81,1.05,0.33
69,24.41,30.38,1.18,0.29
70,24.26,29.99,1.28,0.32
71,23.29,30.36,1.47,0.19
72,23.84,30.55,1.45,3.9
73,24.35,30.81,1.44,4.83
74,24.45,31.12,1.21,1.99
75,24.29,31.11,1.14,0.02
76,23.05,30.63,1.12,0.24
77,23.63,31.44,0.9,1.14
78,24.83,30.39,1.38,0.17
79,24.47,31.13,1.42,0.34
80,24.22,30.64,1.22,3.53
81,23.8,31.04,1.11,3.93
82,23.84,31.49,0.96,6.61
83,24.43,31.16,0.89,6.47
84,24.41,31.38,1.3,1.3
85,24.13,31.44,1.35,0.31
86,24.06,31.17,1.18,4.83
87,24.89,31.23,1.16,5.32
88,24.88,31.0,1.19,2.29
89,24.7,30.61,1.03,2.07
90,24.95,31.5,0.93,3.51
91,24.63,31.08,1.09,11.15
92,24.89,31.25,0.97,20.07
93,25.39,28.64,0.8,12.15
94,24.93,32.23,0.76,13.34
95,25.45,30.72,0.95,14.79
96,25.37,27.74,1.06,6.33
97,24.97,31.01,0.83,1.43
98,25.68,29.63,0.89,5.72
99,25.49,34.46,1.12,13.72
100,25.31,30.67,1.75,23.33
101,24.69,28.95,1.41,19.25
102,24.57,30.3,1.51,6.09
103,25.06,30.9,1.42,7.58
104,24.99,28.84,0.99,7.02
105,25.11,29.61,0.68,20.31
106,25.69,30.62,0.91,41.17
107,24.97,31.52,0.99,0.52
108,25.3,30.58,1.22,2.93
109,25.27,31.19,1.01,0.65
110,25.6,30.9,0.82,1.85
111,25.61,28.95,1.56,4.79
112,25.55,28.35,1.33,7.09
113,25.48,31.13,0.84,9.19
114,25.4,31.68,0.82,2.05
115,24.71,31.66,0.84,0.21
116,25.33,28.25,0.74,0.25
117,24.79,30.61,0.82,9.37
118,24.94,31.03,0.95,9.49
119,24.78,30.62,1.12,10.15
120,25.33,31.03,0.98,18.24
121,25.47,30.89,0.72,4.98
122,25.54,31.82,0.7,6.23
123,25.63,31.4,0.45,2.41
124,24.75,30.61,0.75,4.26
125,24.97,29.68,0.81,3.32
126,25.43,27.5,0.85,3.19
127,25.39,29.72,1.13,0.44
128,26.03,30.35,0.63,0.49
129,25.96,30.48,0.84,0.68
130,26.0,30.46,1.04,2.08
131,26.22,29.71,1.33,1.43
132,26.13,30.79,1.2,6.29
133,25.24,31.35,1.06,2.03
134,26.56,30.78,1.03,0.57
135,26.47,31.68,1.04,23.14
136,25.42,29.82,1.11,8.55
137,26.06,30.88,0.96,5.61
138,26.08,31.45,0.8,16.37
139,26.58,31.15,0.76,2.66
140,25.98,32.8,0.64,1.07
141,26.41,31.37,0.7,0.5
142,26.5,30.17,1.23,2.15
143,26.14,29.11,0.97,2.82
144,26.46,31.18,0.97,20.05
145,25.9,28.61,1.43,30.35
146,25.63,28.76,1.36,28.3
147,25.16,30.54,1.48,0.68
148,25.43,31.04,0.95,1.16
149,25.76,29.86,1.1,37.23
150,25.07,31.43,0.64,4.82
151,25.24,30.76,0.77,8.84
152,24.93,30.85,1.0,3.48
153,25.75,29.57,0.77,5.07
154,25.54,30.9,1.01,3.09
155,25.32,30.12,1.12,4.65
156,25.64,30.19,1.02,1.09
157,25.54,29.37,0.98,0.16
158,25.66,28.49,0.99,0.22
159,26.19,30.12,0.66,7.62
160,25.66,29.59,1.21,0.93
161,25.74,28.41,1.57,0.37
162,25.63,29.19,1.4,0.15
163,25.84,29.15,1.24,5.31
164,25.81,29.87,1.08,1.99
165,25.88,29.19,1.28,0.16
166,25.92,29.39,1.23,0.2
167,25.88,30.18,1.11,0.16
168,25.94,28.51,1.15,3.86
169,25.79,29.52,1.19,0.47
170,25.41,29.89,1.24,0.0
171,25.61,28.65,1.36,0.0
172,25.29,29.07,1.46,0.0
173,25.75,30.09,1.11,0.0
174,26.53,31.53,1.0,1.17
175,25.9,30.23,1.37,0.77
176,25.48,30.21,1.36,1.86
177,25.4,27.72,1.04,0.73
178,25.06,28.89,1.27,0.18
179,25.26,29.36,1.2,6.08
180,25.67,30.59,0.98,2.23
181,25.18,29.88,1.37,0.21
182,25.03,30.35,1.48,0.42
183,25.17,28.76,1.41,1.32
184,25.44,28.64,1.49,6.32
185,25.18,29.09,1.34,2.82
186,25.56,28.87,0.97,0.36
187,25.25,28.42,1.03,0.14
188,24.78,30.4,1.13,0.21
189,26.03,29.85,0.97,0.21
190,25.56,28.42,1.27,9.77
191,25.22,28.55,1.26,4.04
192,24.95,28.54,1.21,29.7
193,25.28,29.51,0.95,13.1
194,25.4,29.13,1.02,11.51
195,25.1,29.47,1.16,2.68
196,25.17,27.72,1.36,6.13
197,24.73,28.81,1.53,2.19
198,24.69,29.0,1.56,4.77
199,25.1,28.5,1.46,4.14
200,25.24,29.1,1.41,13.53
201,25.15,29.37,1.56,6.79
202,25.26,29.17,1.35,3.0
203,25.29,28.52,1.5,6.6
204,24.55,29.29,1.74,1.84
205,25.3,28.79,1.66,0.57
206,24.87,28.04,1.94,4.18
207,24.35,29.49,1.87,0.73
208,24.83,29.49,1.68,0.71
209,24.78,30.16,1.42,0.86
210,25.23,29.64,0.81,10.92
211,25.84,30.22,0.92,8.37
212,25.09,29.13,1.51,2.13
213,24.91,29.09,1.25,0.91
214,25.17,30.08,1.23,0.92
215,25.56,29.69,1.23,0.34
216,25.39,28.7,1.33,0.0
217,25.31,29.38,1.15,0.14
218,25.15,29.64,1.51,0.01
219,25.4,29.56,1.66,0.0
220,25.28,30.23,1.49,2.75
221,25.28,29.8,1.16,0.77
222,25.1,29.42,1.53,0.0
223,24.95,29.96,1.45,0.22
224,25.14,30.38,1.71,0.03
225,24.71,30.34,1.69,0.02
226,25.06,30.13,1.65,0.07
227,25.33,29.91,1.21,0.39
228,25.45,30.76,0.85,1.93
229,25.35,29.57,1.11,8.93
230,25.27,29.52,1.14,8.97
231,25.22,28.89,1.74,17.63
232,25.52,29.62,0.83,6.25
233,25.62,29.77,1.19,0.38
234,25.54,29.28,1.36,0.58
235,25.08,29.97,1.6,8.59
236,25.38,29.34,1.26,12.26
237,24.98,29.16,1.38,0.81
238,24.73,30.51,1.45,3.29
239,24.78,29.72,1.19,1.84
240,25.13,30.15,1.53,2.41
241,24.6,30.54,1.79,0.66
242,24.52,30.75,1.64,1.1
243,24.74,30.36,1.58,0.14
244,25.12,30.09,1.55,4.72
245,25.0,30.74,1.57,14.05
246,24.58,29.44,1.35,9.08
247,24.84,29.94,1.56,7.61
248,24.62,30.13,1.51,0.17
249,24.81,30.42,1.35,8.59
250,25.15,30.26,0.78,23.26
251,24.53,30.05,0.74,8.76
252,24.54,30.17,1.24,3.13
253,25.09,29.65,1.21,12.86
254,24.68,29.34,1.18,9.33
255,25.13,29.83,0.86,0.71
256,25.09,29.68,1.36,17.01
257,25.28,28.5,1.31,17.33
258,24.56,29.51,1.25,32.66
259,25.11,29.14,0.99,12.24
260,24.84,30.37,0.95,2.44
261,25.44,28.44,1.02,7.04
262,24.94,30.2,1.2,1.11
263,25.21,28.01,1.14,1.95
264,25.41,29.07,1.26,10.55
265,25.23,28.93,1.12,3.26
266,25.31,28.26,1.08,1.58
267,25.24,29.96,1.06,22.6
268,25.3,29.82,1.16,5.89
269,25.49,29.22,1.67,2.41
270,25.39,29.43,1.63,3.27
271,25.1,29.86,1.6,0.74
272,25.1,30.46,1.24,0.16
273,25.13,30.38,1.03,0.19
274,25.64,29.88,1.0,0.07
275,25.24,31.07,0.73,0.05
276,25.73,30.31,1.16,0.06
277,24.97,29.67,1.25,3.75
278,25.12,29.37,0.9,7.27
279,25.6,29.74,0.66,15.54
280,25.05,29.76,0.69,28.77
281,25.38,29.27,0.76,49.12
282,25.57,29.47,0.95,17.6
283,24.91,29.61,1.06,8.05
284,24.62,30.23,1.4,4.71
285,24.87,28.37,1.19,26.07
286,24.82,26.84,1.1,31.14
287,24.69,27.0,1.25,16.7
288,24.62,28.66,1.06,42.78
289,24.87,28.58,1.34,14.97
290,25.03,27.85,1.59,19.14
291,24.72,29.49,1.46,4.09
292,24.87,29.07,0.96,16.5
293,24.7,27.9,1.25,13.93
294,25.38,30.38,0.79,2.28
295,25.23,27.87,1.5,2.97
296,25.17,29.91,1.2,3.52
297,24.77,30.37,0.61,1.7
298,24.71,30.35,0.99,4.53
299,24.36,30.44,0.82,6.98
300,24.92,29.63,1.18,6.37
301,24.48,29.45,1.57,1.77
302,24.7,29.68,1.14,6.11
303,24.9,29.15,1.45,8.36
304,25.16,28.87,0.86,3.54
305,24.85,28.4,1.34,5.9
306,24.57,28.08,1.18,12.62
307,24.7,29.05,1.06,24.91
308,24.84,29.81,0.93,9.81
309,24.35,29.5,1.25,3.22
310,24.64,28.95,0.83,17.23
311,24.41,28.72,0.88,10.03
312,25.62,30.52,0.69,0.85
313,25.33,29.41,0.95,8.6
314,24.88,28.29,1.65,5.48
315,24.31,26.76,1.68,7.12
316,24.06,28.38,1.78,4.6
317,24.48,28.42,1.74,3.13
318,24.74,28.62,1.68,1.65
319,24.82,29.28,1.73,1.13
320,25.06,28.57,1.56,7.4
321,24.79,28.67,1.47,4.36
322,24.71,29.71,1.88,9.82
323,25.1,28.38,1.85,37.72
324,24.79,28.5,1.5,23.22
325,24.84,28.52,1.98,11.49
326,24.85,27.94,1.36,3.87
327,24.71,28.98,1.25,5.19
328,24.61,29.94,1.27,9.63
329,24.81,28.69,1.41,3.56
330,24.95,28.78,0.94,1.7
331,24.44,29.26,0.98,13.21
332,23.78,28.15,1.28,4.7
333,24.04,27.73,1.45,0.88
334,24.1,28.32,1.76,0.59
335,24.66,28.91,1.97,2.09
336,24.81,28.05,1.22,2.15
337,24.24,29.31,0.82,0.7
338,24.42,29.69,0.79,0.96
339,24.78,28.25,0.7,14.8
340,24.14,27.91,1.09,4.81
341,23.94,28.18,0.83,2.98
342,24.8,28.5,1.28,1.34
343,24.25,28.86,1.99,9.55
344,24.84,27.72,2.09,16.47
345,23.97,27.05,2.18,7.6
346,23.23,29.08,1.21,2.65
347,23.79,29.14,1.27,3.15
348,23.96,26.83,1.62,6.83
349,23.93,27.3,1.42,12.48
350,24.29,28.38,1.57,5.42
351,23.87,29.12,1.86,4.26
352,23.05,28.9,1.95,1.55
353,23.07,28.96,1.9,2.0
354,22.78,28.98,2.03,0.55
355,22.64,29.04,1.92,0.2
356,22.71,29.44,1.68,0.09
357,22.66,28.8,1.66,2.42
358,22.43,29.03,1.81,1.32
359,22.77,28.97,1.51,0.06
360,22.89,29.36,1.63,0.18
361,22.66,29.78,1.45,1.2
362,23.34,29.88,1.12,3.23
363,23.8,29.82,1.35,2.99
364,23.66,29.87,1.24,0.34
365,24.04,29.7,1.31,8.41
1,23.5,29.39,1.16,5.24
2,23.44,28.56,1.31,1.44
3,23.47,29.38,1.44,1.21
4,23.28,29.82,1.28,0.12
5,23.39,29.37,1.48,3.37
6,23.46,27.85,1.59,3.75
7,23.07,27.12,1.72,1.18
8,23.01,28.5,1.39,0.1
9,22.64,27.48,1.52,1.12
10,22.38,28.43,1.28,1.53
11,22.94,28.99,1.1,0.82
12,23.04,28.99,1.27,0.76
13,22.49,29.05,1.19,0.28
14,23.28,29.39,1.24,0.05
15,23.2,28.33,1.18,9.19
16,22.57,27.8,1.59,11.47
17,22.27,28.88,1.61,0.41
18,21.76,27.89,1.36,0.0
19,22.11,28.86,1.37,0.01
20,22.49,28.99,1.48,0.03
21,22.26,29.33,1.28,0.02
22,22.17,29.21,1.34,0.03
23,22.39,29.41,1.34,0.0
24,22.39,29.31,1.44,0.01
25,22.4,29.3,1.57,0.0
26,22.27,29.58,1.46,0.14
27,22.48,29.43,1.18,0.31
28,22.76,29.7,1.17,0.55
29,23.27,29.29,1.39,0.53
30,22.5,29.74,1.1,1.07
31,23.91,29.48,1.32,4.28
32,23.58,29.7,1.22,4.12
33,23.81,27.99,1.3,5.76
34,23.35,29.94,1.23,1.08
35,22.9,28.65,1.09,29.04
36,23.41,28.47,0.81,34.32
37,23.23,28.03,1.15,12.21
38,23.13,29.95,1.23,10.81
39,23.23,29.49,1.36,3.62
40,23.56,29.2,1.14,18.14
41,23.18,29.7,1.09,5.21
42,22.77,30.0,1.12,0.19
43,22.69,29.45,0.98,0.58
44,22.86,29.3,1.08,14.89
45,23.71,28.51,1.08,3.18
46,23.83,27.11,1.36,0.98
47,23.22,29.41,1.41,0.01
48,22.86,29.7,1.57,0.0
49,22.54,30.01,1.22,0.02
50,22.68,30.26,1.15,0.02
51,23.36,30.11,1.19,0.04
52,24.05,30.48,1.02,4.21
53,24.35,27.89,0.91,7.74
54,23.72,29.81,1.07,3.85
55,24.45,30.42,1.03,8.42
56,24.05,31.11,0.79,6.48
57,23.61,30.55,1.03,0.86
58,23.84,30.51,1.07,0.91
59,23.58,31.22,1.03,0.93
60,24.45,30.11,0.71,33.32
61,24.41,29.55,1.43,9.09
62,24.17,30.96,0.93,0.06
63,24.69,28.76,0.96,0.19
64,24.71,29.78,0.65,0.07
65,24.82,26.93,0.58,0.02
66,23.72,29.65,0.84,0.02
67,24.62,30.01,1.03,0.08
68,24.93,29.85,0.75,0.1
69,25.01,27.89,0.89,0.01
70,24.87,29.71,0.85,5.37
71,24.83,28.6,0.58,1.48
72,23.88,30.75,0.87,0.26
73,24.93,29.82,0.59,0.37
74,24.22,31.41,1.04,0.0
75,24.04,31.47,1.09,0.02
76,23.91,31.35,1.18,0.04
77,23.86,30.52,1.19,0.0
78,24.32,30.33,0.68,0.1
79,24.14,30.87,0.83,0.03
80,24.17,30.08,0.83,0.0
81,25.41,30.41,0.7,0.04
82,24.91,28.88,0.8,0.27
83,25.08,30.75,1.44,0.1
84,25.51,29.01,1.35,2.15
85,25.28,30.7,1.24,0.56
86,25.5,28.8,1.24,0.0
87,24.52,31.01,1.05,0.0
88,24.51,30.9,1.15,0.0
89,25.16,30.29,0.85,0.07
90,24.6,31.29,1.33,1.41
91,26.0,31.31,0.96,1.03
92,25.3,31.9,0.82,0.02
93,25.81,32.02,0.99,0.03
94,26.06,28.66,0.84,5.9
95,25.28,29.55,1.03,2.83
96,24.44,31.49,0.8,0.0
97,24.29,32.13,1.05,0.0
98,24.72,32.14,1.12,0.0
99,24.71,32.54,0.93,0.0
100,25.07,30.83,1.15,0.03
101,25.19,30.65,1.14,0.79
102,24.18,32.94,1.13,0.57
103,24.75,31.71,0.99,0.01
104,24.87,31.22,0.88,0.0
105,25.41,30.72,0.81,0.09
106,25.07,28.55,0.77,0.04
107,24.84,30.79,1.27,0.03
108,25.08,31.54,1.38,0.12
109,25.45,32.13,1.52,3.62
110,25.39,32.09,1.48,4.69
111,25.2,32.46,0.97,7.31
112,25.42,31.66,0.96,8.04
113,25.13,31.53,1.18,1.18
114,26.0,29.91,1.12,4.82
115,25.51,30.34,1.15,16.43
116,25.66,31.43,1.1,3.26
117,25.93,31.53,0.74,2.48
118,25.75,31.75,0.93,6.26
119,25.56,31.46,0.72,7.17
120,25.09,28.38,1.28,3.13
121,24.78,31.43,1.34,0.88
122,26.13,31.37,0.89,1.1
123,25.98,30.13,1.09,0.33
124,25.68,30.3,0.84,0.09
125,26.44,30.85,0.61,3.67
126,26.45,30.53,0.73,2.71
127,25.6,30.61,1.34,13.59
128,25.47,30.72,1.07,5.92
129,26.29,30.38,0.82,0.54
130,26.07,31.22,0.9,6.85
131,25.75,29.81,1.11,2.71
132,25.56,30.5,1.36,0.99
133,25.73,30.99,0.91,3.51
134,25.85,29.97,0.86,5.27
135,25.58,30.68,1.19,1.0
136,24.78,31.65,1.27,7.86
137,25.4,31.45,1.03,9.19
138,25.87,30.47,1.03,4.33
139,25.8,29.72,1.13,26.17
140,25.77,29.34,0.94,12.48
141,25.9,31.09,0.82,2.08
142,25.86,29.94,1.13,16.26
143,25.66,29.35,1.72,22.71
144,25.32,30.98,1.67,2.84
145,25.3,30.09,1.31,13.06
146,25.35,31.4,0.88,6.08
147,25.72,34.75,0.77,21.33
148,26.42,31.05,0.93,14.91
149,25.83,30.37,1.22,8.7
150,25.84,31.15,0.91,2.27
151,25.82,30.83,1.62,3.38
152,25.56,30.75,1.33,1.43
153,26.3,30.42,0.97,5.55
154,26.57,32.76,0.66,13.29
155,25.85,31.3,0.65,19.57
156,25.71,27.79,0.85,4.33
157,25.63,30.19,1.42,2.43
158,25.88,29.55,1.55,0.01
159,26.15,30.12,1.41,0.0
160,25.87,30.62,1.45,0.0
161,26.23,29.38,1.03,0.27
162,25.83,30.36,1.49,0.12
163,25.85,30.77,1.72,0.01
164,25.88,30.24,1.64,5.93
165,25.93,29.3,1.26,5.97
166,25.3,29.24,1.17,11.17
167,24.98,30.22,0.97,2.07
168,25.57,30.15,0.94,1.23
169,25.92,28.85,1.29,0.49
170,25.35,28.86,1.6,7.28
171,24.93,29.72,1.35,5.11
172,25.15,29.91,1.54,0.34
173,25.24,29.49,1.41,3.29
174,25.47,30.35,1.36,0.82
175,25.64,30.07,0.93,1.72
176,25.8,30.18,1.14,0.72
177,25.63,30.02,1.29,2.98
178,25.32,30.46,1.37,2.23
179,24.65,29.39,1.46,5.94
180,25.52,28.98,1.44,0.18
181,25.47,30.25,1.82,0.05
182,25.35,30.08,1.85,0.51
183,25.37,30.14,1.65,0.08
184,25.95,29.21,1.56,26.35
185,25.65,30.06,1.15,19.87
186,25.36,29.49,1.85,5.64
187,24.77,29.2,2.13,12.31
188,24.55,28.73,1.91,4.07
189,24.75,28.76,1.61,10.71
190,25.14,29.69,1.98,14.11
191,24.93,29.87,1.84,7.88
192,24.59,29.77,1.53,16.63
193,24.86,29.45,1.57,11.89
194,25.15,27.61,1.37,0.66
195,25.03,28.29,1.64,9.74
196,24.71,28.89,1.35,7.68
197,24.97,28.63,1.19,18.98
198,24.61,28.13,1.57,33.05
199,24.4,29.05,1.25,6.45
200,25.01,28.25,1.04,0.36
201,24.03,29.01,0.7,4.91
202,24.22,27.87,1.2,1.11
203,25.27,29.08,1.02,0.0
204,25.17,29.72,1.49,0.13
205,25.17,29.14,1.45,6.72
206,24.43,29.74,1.39,3.64
207,24.2,29.93,1.75,0.35
208,24.06,29.88,2.02,0.0
209,23.79,29.78,2.04,0.0
210,24.22,30.02,1.99,0.04
211,24.75,29.61,1.98,0.12
212,24.54,29.43,1.84,8.44
213,24.63,30.15,1.61,0.3
214,25.05,30.25,1.64,0.66
215,24.99,30.64,1.4,2.52
216,25.45,29.83,1.12,4.38
217,25.37,30.11,1.37,2.23
218,24.81,29.79,1.71,0.9
219,24.5,30.04,2.07,0.27
220,23.97,30.28,1.74,0.26
221,24.98,28.67,1.46,6.4
222,25.02,29.08,1.58,14.14
223,24.9,28.6,1.45,8.47
224,24.62,29.63,1.51,1.78
225,24.52,30.45,1.69,0.33
226,25.2,30.42,1.77,5.46
227,25.25,30.38,1.33,4.02
228,25.17,28.12,1.21,0.12
229,25.06,28.86,1.06,0.79
230,24.52,30.33,1.48,0.17
231,24.97,30.18,1.67,1.26
232,25.04,30.12,1.44,2.5
233,25.32,28.46,1.06,9.46
234,25.66,29.99,1.17,4.07
235,25.36,29.11,1.32,5.46
236,25.21,28.32,1.39,17.03
237,24.66,28.45,1.28,6.45
238,25.13,27.83,1.45,0.57
239,24.73,29.9,1.61,0.02
240,25.03,28.39,1.11,1.65
241,25.05,29.24,1.19,1.83
242,24.44,30.1,0.92,10.02
243,25.2,29.07,1.27,2.21
244,25.24,29.08,1.53,10.68
245,24.21,28.35,1.39,24.23
246,24.47,29.22,1.25,14.5
247,24.57,29.25,1.14,9.49
248,25.03,29.18,1.26,10.86
249,24.69,28.44,0.83,0.9
250,25.04,28.74,0.98,2.02
251,25.47,28.34,1.07,3.2
252,25.49,30.0,1.3,0.25
253,25.3,30.49,0.92,0.0
254,25.81,31.05,0.74,0.17
255,25.36,30.04,0.71,3.11
256,24.55,28.2,1.31,7.53
257,23.75,29.34,1.1,2.21
258,24.83,27.84,0.75,0.36
259,24.75,29.9,1.06,1.17
260,24.92,30.02,1.66,1.06
261,24.51,30.37,1.54,4.66
262,24.43,30.9,1.21,53.63
263,24.9,29.25,1.28,23.9
264,23.72,29.65,1.41,1.09
265,23.86,28.85,0.9,0.54
266,23.62,27.07,1.19,1.98
267,23.96,28.78,1.41,1.55
268,24.05,28.84,1.56,0.38
269,23.47,29.79,1.23,0.61
270,24.31,30.39,1.28,0.41
271,24.46,30.37,1.52,0.35
272,24.32,30.32,0.74,3.1
273,24.56,30.08,0.9,5.31
274,24.47,30.04,0.78,2.93
275,24.33,30.04,0.69,5.28
276,24.0,30.98,0.77,0.87
277,24.15,30.3,0.79,4.95
278,24.71,30.06,0.97,3.77
279,24.53,29.91,1.19,3.04
280,25.14,29.41,0.91,1.88
281,24.68,29.55,1.17,0.45
282,24.57,28.71,1.37,9.11
283,24.49,28.24,1.09,7.94
284,24.66,29.71,1.17,0.31
285,25.08,29.04,1.07,0.1
286,24.45,30.21,1.0,8.34
287,24.6,29.05,1.17,2.92
288,24.09,29.5,1.47,6.96
289,23.72,28.33,1.54,7.03
290,23.91,29.88,1.41,10.2
291,24.47,30.23,1.01,3.34
292,24.99,29.14,1.52,0.67
293,24.59,30.21,1.38,0.78
294,24.89,29.12,1.12,0.33
295,24.26,29.75,1.04,24.84
296,24.14,29.63,1.22,5.05
297,23.89,30.08,1.21,10.75
298,24.01,30.18,1.12,5.37
299,24.41,28.52,1.16,6.01
300,23.93,29.95,1.22,8.67
301,23.85,30.05,1.2,6.46
302,24.11,30.51,0.73,10.62
303,24.57,30.72,0.75,9.49
304,24.76,30.62,0.74,28.52
305,24.27,29.33,1.12,25.58
306,23.36,29.39,1.3,6.68
307,24.01,30.14,1.04,7.09
308,23.97,30.26,1.03,30.41
309,24.05,30.94,0.89,26.35
310,24.97,28.92,0.83,19.49
311,25.01,30.08,0.64,15.73
312,24.96,29.81,0.68,4.99
313,24.89,29.94,1.16,0.61
314,24.6,29.74,1.18,11.53
315,24.13,29.82,0.94,4.1
316,24.34,30.33,0.55,4.04
317,23.64,30.22,0.75,0.24
318,24.17,30.32,0.91,4.66
319,24.17,30.71,0.88,7.39
320,24.19,30.8,1.21,2.07
321,24.27,30.13,1.11,3.53
322,24.43,30.7,1.05,12.1
323,24.27,30.8,0.8,5.51
324,24.24,31.55,1.01,8.14
325,24.3,30.43,1.11,2.28
326,24.25,30.62,1.09,6.35
327,24.09,31.2,0.92,6.92
328,24.72,29.91,1.04,36.05
329,24.43,30.0,1.43,21.72
330,24.42,30.44,1.11,14.97
331,24.99,30.28,0.63,40.19
332,25.21,30.77,0.98,8.78
333,24.82,30.27,0.94,18.5
334,24.58,29.89,1.27,4.89
335,24.35,29.5,0.99,1.77
336,23.82,30.27,0.72,14.88
337,24.27,29.07,1.27,2.26
338,24.3,30.36,1.21,0.43
339,24.68,29.88,1.06,0.41
340,24.79,29.19,1.16,0.4
341,24.8,28.65,1.09,2.48
342,24.33,28.92,1.21,4.88
343,24.05,30.12,1.24,2.02
344,24.19,30.41,0.93,8.24
345,24.52,30.2,0.76,3.57
346,24.68,28.45,1.7,3.6
347,23.56,28.36,1.59,2.93
348,23.3,27.26,0.91,5.43
349,24.6,28.72,1.26,5.36
350,23.7,30.15,1.12,2.83
351,24.83,27.88,1.31,8.77
352,24.61,27.38,1.56,3.91
353,23.99,28.57,1.52,14.6
354,23.92,26.29,1.99,6.09
355,23.55,28.21,1.48,9.79
356,23.98,27.15,1.49,18.93
357,24.24,27.74,1.63,14.02
358,24.37,28.34,1.33,11.16
359,24.63,27.41,1.26,10.03
360,24.4,28.74,1.3,13.2
361,24.04,28.94,1.4,10.76
362,23.67,28.96,1.46,5.1
363,23.24,28.87,1.37,0.08
364,23.5,27.7,1.31,1.29
365,23.87,29.11,1.03,4.62
1,23.98,29.38,1.01,5.39
2,24.28,28.87,1.09,22.74
3,23.99,29.15,1.49,9.18
4,23.31,30.12,1.07,0.21
5,23.61,29.96,1.12,0.03
6,23.71,29.24,1.12,0.48
7,23.99,30.27,1.09,2.33
8,23.73,29.9,1.18,2.89
9,22.83,29.46,1.18,0.83
10,23.28,28.98,1.43,1.26
11,23.62,28.6,1.36,2.17
12,23.91,29.01,1.32,4.86
13,23.61,29.46,1.62,0.82
14,23.46,29.31,1.34,4.02
15,23.7,28.23,1.72,6.54
16,23.73,29.41,1.45,4.41
17,23.57,29.58,1.26,5.08
18,23.12,28.52,1.25,2.17
19,23.18,28.32,0.96,1.67
20,23.82,29.92,1.19,0.41
21,23.79,28.57,1.47,14.22
22,23.76,29.89,1.73,2.99
23,23.99,28.75,1.86,2.99
24,23.32,29.13,1.96,1.66
25,22.83,28.35,1.84,0.14
26,22.23,28.93,1.75,0.0
27,22.26,28.84,1.53,1.24
28,22.47,29.73,1.26,0.3
29,23.32,30.23,1.07,0.05
30,23.69,30.48,0.8,5.22
31,24.04,30.43,0.93,1.03
32,23.77,30.02,0.77,0.76
33,23.95,30.04,0.77,0.35
34,23.96,30.74,0.77,2.49
35,23.23,30.07,1.27,0.66
36,22.73,29.81,1.36,0.59
37,21.95,30.31,1.3,0.55
38,23.78,29.8,1.23,0.01
39,22.71,30.48,1.19,0.01
40,23.71,30.2,1.44,0.24
41,22.63,30.39,1.24,0.42
42,23.9,30.6,1.08,0.09
43,23.69,30.98,1.14,0.07
44,24.03,31.04,1.16,1.06
45,24.44,30.75,1.42,1.93
46,23.65,30.99,1.24,0.53
47,23.66,30.95,1.02,3.66
48,24.81,30.1,0.97,1.77
49,25.68,28.73,0.45,0.38
50,24.75,29.47,1.09,4.62
51,24.55,31.1,1.19,1.63
52,24.44,30.72,1.04,4.0
53,24.01,29.36,1.5,0.67
54,23.38,31.09,1.17,0.0
55,23.69,31.4,1.12,0.02
56,24.1,31.01,1.08,4.46
57,24.12,31.06,1.22,1.78
58,23.62,30.97,1.18,2.46
59,23.55,31.43,1.09,1.77
60,24.13,29.76,1.28,2.44
61,23.64,31.05,1.07,0.84
62,23.26,31.7,1.06,0.05
63,23.1,31.48,1.16,0.0
64,22.69,31.84,1.3,0.01
65,23.0,31.29,1.3,0.0
66,23.9,31.6,1.57,0.53
67,23.89,31.53,1.31,1.62
68,24.22,32.14,1.25,2.2
69,24.63,32.04,1.33,11.28
70,23.91,31.99,1.03,3.43
71,24.41,31.72,0.96,0.79
72,25.32,32.48,0.66,0.66
73,25.24,32.18,1.18,6.57
74,24.63,31.8,1.1,5.49
75,25.08,32.24,0.64,1.48
76,25.07,32.55,1.21,0.05
77,24.86,32.04,1.28,7.42
78,25.01,31.28,1.4,29.88
79,24.99,30.94,1.17,11.0
80,24.63,31.61,0.98,2.34
81,25.44,30.89,1.26,0.8
82,25.9,29.6,0.98,1.62
83,25.53,32.08,0.77,17.78
84,25.3,32.49,0.82,4.62
85,25.07,32.49,0.8,0.01
86,24.71,32.27,1.08,0.19
87,25.14,32.54,0.97,1.24
88,25.27,32.04,0.61,2.71
89,23.61,32.48,1.02,0.83
90,24.09,32.08,1.17,0.0
91,24.14,32.88,1.13,0.0
92,25.52,31.84,0.83,0.79
93,26.03,31.03,0.89,3.44
94,25.62,32.44,0.57,1.38
95,25.51,32.74,0.82,0.61
96,26.12,32.82,1.28,0.93
97,25.91,31.78,1.06,12.27
98,25.83,31.14,1.21,2.07
99,26.56,32.96,0.68,0.18
100,25.9,32.63,1.05,0.08
101,26.36,32.57,0.91,0.41
102,26.77,31.75,1.31,0.23
103,26.4,33.02,1.11,0.04
104,26.5,33.14,0.97,1.29
105,26.18,33.06,0.91,5.88
106,26.3,33.44,0.83,1.56
107,25.59,33.98,1.1,0.05
108,25.22,33.68,1.2,0.17
109,25.02,33.31,0.97,0.51
110,25.54,29.57,0.68,12.86
111,24.86,31.44,1.03,35.96
112,25.48,31.77,0.63,13.99
113,26.03,31.6,0.62,3.71
114,25.89,31.05,0.9,8.76
115,25.27,32.1,0.83,1.14
116,25.88,29.18,0.86,4.78
117,24.59,30.83,0.99,6.15
118,25.05,32.11,1.1,8.09
119,25.93,31.38,1.21,14.96
120,26.44,29.68,0.88,13.74
121,26.46,31.41,1.22,11.36
122,25.65,29.0,1.25,3.2
123,26.09,31.97,0.54,2.09
124,25.72,31.13,1.17,2.97
125,25.06,32.18,1.0,1.41
126,25.28,31.45,0.75,7.98
127,25.5,31.67,0.73,12.63
128,25.61,30.89,0.88,8.8
129,25.75,29.88,0.68,32.37
130,25.09,31.16,1.04,13.02
131,25.42,31.43,0.77,6.37
132,25.94,29.82,0.83,20.9
133,25.74,29.81,1.14,8.28
134,25.69,29.85,1.11,2.05
135,26.27,29.5,1.0,1.75
136,25.97,31.28,0.98,3.51
137,26.13,30.65,1.66,2.49
138,25.75,30.38,1.4,16.08
139,24.91,31.11,1.09,5.08
140,26.21,31.26,0.84,6.07
141,25.89,30.31,1.26,1.67
142,26.41,29.54,1.35,5.71
143,25.86,28.26,1.36,6.15
144,25.65,29.3,1.28,1.1
145,26.0,29.47,1.11,5.02
146,25.63,28.69,1.08,8.14
147,25.57,28.55,1.12,0.73
148,26.15,30.39,0.82,9.47
149,25.58,28.87,1.38,4.56
150,25.51,30.55,1.25,1.08
151,25.71,30.79,1.58,0.3
152,26.01,31.51,1.39,0.06
153,26.57,31.01,1.26,19.98
154,26.18,30.71,1.32,7.56
155,26.16,29.97,1.19,0.81
156,26.2,29.99,0.85,4.84
157,26.03,29.79,1.01,3.83
158,26.06,28.9,1.01,2.46
159,26.35,29.04,1.05,0.16
160,26.12,30.71,1.49,0.03
161,25.46,29.87,1.23,2.18
162,25.37,30.72,1.42,0.35
163,25.2,30.81,1.39,2.24
164,25.48,30.38,1.29,7.54
165,25.42,30.04,1.04,9.58
166,25.11,30.74,0.82,2.21
167,25.71,32.61,0.7,8.32
168,26.01,30.46,0.83,6.89
169,25.55,29.82,1.26,1.66
170,25.77,29.0,1.08,0.31
171,25.8,28.32,1.2,1.6
172,25.48,28.78,1.29,1.21
173,25.15,28.32,1.59,0.02
174,25.5,30.08,1.2,0.04
175,25.96,29.54,1.38,0.03
176,25.54,29.98,1.54,7.03
177,25.51,30.07,1.58,3.21
178,25.44,29.13,1.39,5.52
179,25.36,29.2,1.5,1.08
180,25.33,29.99,1.35,0.01
181,25.54,29.79,1.42,0.02
182,25.44,30.15,1.46,0.13
183,25.54,30.31,1.31,0.02
184,25.86,28.39,1.19,0.18
185,25.45,29.02,1.23,7.23
186,25.6,28.22,1.0,8.87
187,25.26,28.26,1.06,8.28
188,25.4,28.08,0.89,1.44
189,25.23,28.95,1.3,2.01
190,25.2,29.1,1.53,20.71
191,24.93,28.32,1.43,11.56
192,24.91,28.63,1.23,13.07
193,25.11,28.1,1.37,43.67
194,25.06,28.48,1.48,3.66
195,25.49,29.04,1.27,0.89
196,25.55,28.86,1.28,7.58
197,25.5,29.2,1.66,6.34
198,25.42,30.15,1.74,0.85
199,25.64,28.9,1.52,11.63
200,25.24,29.7,1.39,1.37
201,25.32,28.49,0.96,13.07
202,24.94,29.85,0.88,6.36
203,25.78,30.21,1.42,5.9
204,25.41,29.18,1.74,1.75
205,25.37,28.6,1.64,0.17
206,25.45,30.18,1.77,0.18
207,25.68,29.85,1.85,0.18
208,25.31,30.26,1.88,0.4
209,25.09,29.43,1.75,2.98
210,25.0,28.84,1.22,3.87
211,24.9,29.61,0.66,7.86
212,25.27,30.34,0.94,1.78
213,25.61,29.14,1.12,1.12
214,24.98,30.37,0.68,1.97
215,24.62,28.19,1.35,46.04
216,24.05,29.01,1.3,23.32
217,24.59,29.06,1.15,31.8
218,25.02,28.81,1.25,35.69
219,24.88,29.83,1.7,3.26
220,24.7,29.59,1.84,1.53
221,25.08,29.54,1.74,0.32
222,25.33,29.84,1.46,0.49
223,25.36,29.27,1.38,4.51
224,25.17,29.55,1.12,0.75
225,25.74,28.3,1.12,4.1
226,25.25,27.75,1.73,7.51
227,24.92,28.84,1.49,1.91
228,24.83,29.6,1.31,0.57
229,25.14,28.37,1.29,1.27
230,25.18,30.5,1.37,0.17
231,25.75,29.51,1.65,0.2
232,25.78,29.13,1.63,14.45
233,25.44,30.31,1.26,6.23
234,25.32,29.25,1.34,14.84
235,24.73,29.72,1.2,3.37
236,25.15,28.87,1.62,1.2
237,25.25,30.43,1.72,0.63
238,25.16,29.98,1.66,3.8
239,25.2,29.9,1.18,1.55
240,25.05,30.39,1.26,0.11
241,24.9,30.5,1.54,0.51
242,25.58,28.46,1.53,2.43
243,25.35,30.6,1.63,9.18
244,24.98,29.38,1.65,6.27
245,24.87,29.19,1.36,9.77
246,24.99,30.51,1.49,4.45
247,25.43,30.7,0.87,3.57
248,24.81,30.71,0.88,13.56
249,24.93,30.29,0.85,6.51
250,25.18,30.53,1.17,1.24
251,25.13,30.65,1.33,2.1
252,24.83,30.01,1.65,10.48
253,25.22,29.07,1.07,5.46
254,24.79,29.9,1.12,8.39
255,24.73,30.43,0.94,5.25
256,24.75,30.56,1.06,7.05
257,24.83,28.59,0.86,14.18
258,24.33,28.48,1.09,17.06
259,24.9,30.01,1.11,1.72
260,24.37,30.31,1.68,6.15
261,24.93,30.16,1.84,4.98
262,25.22,29.97,1.62,14.39
263,25.27,28.81,1.17,6.0
264,25.43,29.48,1.03,0.49
265,25.09,29.22,1.11,1.08
266,25.43,30.2,0.75,3.43
267,25.79,30.73,0.7,1.56
268,25.01,29.74,1.08,9.82
269,25.07,29.42,1.27,9.88
270,25.94,30.16,1.01,1.99
271,25.64,29.86,1.23,3.35
272,25.33,30.16,1.64,2.84
273,25.57,28.94,1.12,2.48
274,25.51,29.64,1.31,2.68
275,24.99,30.25,1.51,11.87
276,25.43,29.3,1.38,4.98
277,25.31,31.15,1.54,0.0
278,25.35,30.34,1.78,1.44
279,25.34,30.46,1.26,1.34
280,25.12,30.36,0.94,3.42
281,25.2,30.64,1.1,0.73
282,25.35,29.77,1.47,0.08
283,25.09,30.52,1.35,7.76
284,25.12,30.07,1.22,3.96
285,24.81,28.94,1.0,1.59
286,24.95,30.71,0.81,14.91
287,25.17,32.29,1.03,49.07
288,24.67,32.8,0.83,38.42
289,25.39,30.55,1.21,6.79
290,25.13,30.29,1.85,2.8
291,25.16,28.97,1.48,6.88
292,25.27,30.54,0.87,6.72
293,25.56,30.61,0.48,21.96
294,24.98,30.14,0.81,16.28
295,25.15,27.78,1.37,5.56
296,24.94,30.03,1.44,1.95
297,25.23,28.33,1.16,1.39
298,24.64,29.09,1.09,21.93
299,24.67,28.57,1.18,8.46
300,25.46,29.27,1.02,1.49
301,24.55,28.97,1.2,0.82
302,25.48,29.25,1.22,7.06
303,24.98,27.82,1.19,3.53
304,25.03,27.75,1.18,1.13
305,24.73,27.85,0.49,0.56
306,25.24,30.14,0.99,2.86
307,25.1,28.53,1.24,6.58
308,25.04,28.36,1.52,12.27
309,25.13,28.79,1.36,5.42
310,25.17,29.0,1.62,8.5
311,25.17,28.91,1.23,4.67
312,24.95,29.12,1.5,1.36
313,25.26,28.58,1.39,3.81
314,25.04,28.94,1.43,2.07
315,24.63,26.82,1.23,6.9
316,24.37,27.74,0.93,0.72
317,24.5,30.38,0.87,6.95
318,24.94,29.92,1.03,1.29
319,25.11,30.42,0.88,5.31
320,24.99,29.25,0.89,3.8
321,24.87,28.04,1.31,0.52
322,24.33,28.83,1.32,0.35
323,24.55,28.11,1.7,6.4
324,24.8,28.85,2.08,17.18
325,24.52,27.96,1.94,13.87
326,24.54,26.82,2.03,3.31
327,23.85,28.26,1.43,1.35
328,24.46,27.66,1.41,1.37
329,24.39,27.54,1.23,1.26
330,24.29,27.43,0.99,3.46
331,24.11,26.33,0.62,5.79
332,23.82,27.55,0.81,5.46
333,23.67,28.04,0.9,1.86
334,24.03,28.48,1.55,0.87
335,23.65,27.24,1.01,1.35
336,23.79,26.64,1.33,3.86
337,23.53,26.73,1.21,2.62
338,23.72,26.64,1.48,8.02
339,23.51,26.34,1.52,3.08
340,24.01,26.44,2.1,1.61
341,24.13,26.57,1.52,2.16
342,23.81,27.58,1.44,5.17
343,23.58,28.14,1.55,5.45
344,23.61,28.44,1.28,4.14
345,23.79,27.34,1.37,13.28
346,23.1,27.64,1.21,6.6
347,24.36,27.31,1.28,3.76
348,23.65,31.09,0.71,20.04
349,24.08,28.84,1.07,6.27
350,23.79,29.7,0.89,1.86
351,24.43,26.96,1.11,4.06
352,23.88,28.29,1.21,11.65
353,23.49,28.71,1.16,4.94
354,23.51,29.29,1.05,1.93
355,23.81,28.91,1.37,3.12
356,23.34,29.53,1.43,0.73
357,22.94,29.09,1.57,0.07
358,23.07,29.24,1.3,0.39
359,23.74,27.24,1.44,8.16
360,23.69,26.58,1.5,5.97
361,23.81,27.56,1.5,1.53
362,24.06,29.1,1.46,0.09
363,23.78,27.72,1.42,0.03
364,23.45,29.01,1.09,1.29
365,23.72,28.33,0.74,6.23
1,23.5,28.81,1.18,2.91
2,23.31,27.62,1.31,0.12
3,22.78,27.33,1.57,0.11
4,22.19,27.44,1.47,0.18
5,22.77,27.39,1.45,0.56
6,23.07,28.92,1.33,0.27
7,23.31,26.34,1.25,3.86
8,23.64,26.88,1.51,4.05
9,23.06,27.71,1.47,2.3
10,22.48,26.91,1.14,0.73
11,23.12,27.38,1.22,1.31
12,23.22,27.78,1.29,1.93
13,23.26,28.06,1.07,5.99
14,23.03,27.91,1.16,1.89
15,22.87,28.43,1.08,5.91
16,23.19,29.11,1.1,3.43
17,23.24,28.96,1.0,5.18
18,23.04,28.6,1.07,8.11
19,23.33,30.17,0.8,15.66
20,23.71,28.82,0.94,8.08
21,23.91,27.86,0.96,5.62
22,23.55,28.79,0.85,17.5
23,23.57,29.23,0.93,35.57
24,23.41,28.04,1.12,4.69
25,23.28,26.89,1.05,4.19
26,22.97,27.65,1.26,5.63
27,22.94,26.39,1.23,3.34
28,23.15,27.74,1.14,3.41
29,23.14,26.91,0.99,8.91
30,23.14,28.55,0.78,4.12
31,22.96,27.72,1.29,3.61
32,22.54,28.46,1.34,13.55
33,22.61,27.07,1.03,31.26
34,23.11,27.1,1.33,4.6
35,23.18,27.39,1.1,2.83
36,23.11,26.4,1.01,4.97
37,22.69,28.4,0.94,4.58
38,23.39,26.04,1.33,22.12
39,22.92,26.46,1.18,45.5
40,22.76,27.19,1.22,11.7
41,22.53,29.2,1.1,0.69
42,22.96,29.58,1.11,0.1
43,23.15,28.23,1.35,15.9
44,23.13,28.56,1.3,11.72
45,22.39,28.86,1.21,5.44
46,22.61,28.3,1.15,1.27
47,23.04,28.2,1.23,16.71
48,22.88,27.19,0.93,14.33
49,22.3,28.48,0.96,6.4
50,22.59,25.91,1.62,4.35
51,21.95,28.66,0.98,9.66
52,23.1,28.74,1.2,2.63
53,22.82,28.68,1.05,4.13
54,23.01,29.55,0.97,2.68
55,23.19,29.78,1.04,5.24
56,23.76,27.35,1.19,11.7
57,24.14,27.95,1.18,14.59
58,23.72,29.03,1.31,6.27
59,23.57,28.75,1.31,0.92
60,23.0,28.84,1.29,4.65
61,23.64,26.76,1.39,26.51
62,23.37,27.8,1.4,55.65
63,23.52,26.65,1.27,37.52
64,23.53,28.23,1.39,7.22
65,23.01,29.15,1.22,1.62
66,22.86,28.45,1.08,0.39
67,23.26,29.59,0.93,0.43
68,23.67,29.76,0.68,1.87
69,23.83,29.6,1.14,1.34
70,24.2,29.96,0.76,0.08
71,24.75,28.16,0.74,1.09
72,24.01,30.15,0.87,1.13
73,24.48,26.74,0.76,0.52
74,24.16,28.77,1.03,26.37
75,25.32,31.57,0.8,21.44
76,24.95,29.91,0.86,5.99
77,24.94,29.52,1.09,1.97
78,24.52,27.24,1.07,3.62
79,23.76,30.15,1.13,1.24
80,25.11,29.44,0.81,0.34
81,24.92,30.63,1.12,27.95
82,24.34,29.47,0.94,3.49
83,24.05,29.99,1.04,5.29
84,23.97,29.7,1.06,23.2
85,24.19,30.09,1.12,20.78
86,24.58,29.22,0.84,9.64
87,24.8,29.35,1.03,18.56
88,24.15,30.42,1.17,7.01
89,25.66,29.7,0.72,8.82
90,25.0,29.86,0.8,1.79
91,24.9,30.48,1.32,1.53
92,24.11,30.58,1.04,3.22
93,24.3,29.25,1.12,5.56
94,24.22,30.5,1.18,2.95
95,24.69,30.86,0.97,10.45
96,24.74,30.43,0.85,7.69
97,24.46,30.83,0.52,17.84
98,24.64,31.2,0.69,16.27
99,24.59,29.89,0.81,4.53
100,24.5,29.28,0.88,19.05
101,24.53,30.26,0.71,17.01
102,24.72,29.1,0.72,5.56
103,24.93,30.48,0.61,2.64
104,24.67,30.49,0.87,6.47
105,24.18,31.17,0.93,5.38
106,25.54,30.37,0.8,7.53
107,25.29,27.27,1.27,5.73
108,24.93,29.3,1.14,1.13
109,25.12,28.36,1.06,26.61
110,24.81,28.64,1.52,43.36
111,24.61,29.75,1.08,10.49
112,24.94,29.1,0.94,0.49
113,25.53,27.92,0.8,2.58
114,25.34,28.57,1.21,11.4
115,25.08,30.11,1.46,2.12
116,25.13,30.87,1.13,0.93
117,24.57,28.1,1.18,0.33
118,23.9,30.04,1.0,2.44
119,25.21,28.43,0.84,2.57
120,24.93,30.85,0.79,1.71
121,25.41,28.95,1.11,2.38
122,25.41,30.26,0.84,1.18
123,25.83,29.62,0.68,5.62
124,26.12,30.09,0.57,8.03
125,25.27,29.54,1.22,3.52
126,25.25,28.87,1.59,0.67
127,25.24,29.32,1.69,0.75
128,25.28,28.46,1.37,6.5
129,24.9,29.14,0.94,5.31
130,25.34,29.89,0.58,3.56
131,25.14,28.87,1.13,0.62
132,24.95,29.79,0.92,4.63
133,24.98,27.32,1.07,16.41
134,24.68,28.85,0.87,15.14
135,25.53,29.84,0.55,1.4
136,25.49,29.41,0.84,0.62
137,25.11,29.71,1.39,0.12
138,25.37,29.47,1.47,1.9
139,25.6,29.7,1.0,4.71
140,25.57,30.08,0.82,1.5
141,25.83,29.21,1.22,3.26
142,25.54,28.14,1.03,6.29
143,25.56,30.08,0.72,4.23
144,25.62,27.37,1.21,19.96
145,25.02,30.03,1.03,8.44
146,25.49,28.31,1.33,2.12
147,25.4,29.08,1.07,7.51
148,25.29,29.81,1.31,8.95
149,24.94,29.25,1.71,0.81
150,25.13,29.27,1.55,0.0
151,25.43,29.25,1.53,5.36
152,25.16,29.34,1.59,12.6
153,25.26,27.94,1.28,20.04
154,24.65,27.87,1.01,11.13
155,24.67,29.73,1.23,4.6
156,25.52,28.45,1.22,37.52
157,25.35,27.61,1.33,29.24
158,24.88,28.96,1.44,5.44
159,25.24,28.38,1.41,1.22
160,25.26,29.94,0.99,0.07
161,25.91,29.36,0.97,3.54
162,25.31,28.05,1.18,1.75
163,25.24,29.74,1.08,0.26
164,25.26,29.32,1.32,0.05
165,25.29,28.81,1.33,1.59
166,25.52,27.06,0.79,3.21
167,25.08,28.92,1.1,1.01
168,24.97,27.59,1.27,4.83
169,25.13,28.92,1.08,3.67
170,25.32,29.03,1.23,3.22
171,24.94,28.48,1.26,9.48
172,24.79,28.77,1.72,9.44
173,24.79,28.56,1.69,4.31
174,25.38,28.33,1.33,1.93
175,25.36,28.76,1.13,4.27
176,24.97,27.74,1.1,5.64
177,25.0,29.52,1.69,0.05
178,25.56,28.6,1.71,0.78
179,25.25,29.08,1.49,0.71
180,25.14,29.52,1.6,6.45
181,25.53,27.31,1.18,7.89
182,25.4,28.95,1.27,2.08
183,25.43,30.33,1.23,5.15
184,25.1,29.36,1.08,2.84
185,25.41,29.1,1.34,5.47
186,25.26,27.89,1.57,6.34
187,24.74,28.36,1.39,0.26
188,24.94,28.93,1.66,0.0
189,25.07,29.06,1.64,0.01
190,24.78,28.51,1.7,13.66
191,24.55,27.74,1.72,6.93
192,24.68,28.75,1.78,2.08
193,24.4,29.04,1.59,0.52
194,24.48,28.5,1.42,8.46
195,24.36,30.81,0.91,13.25
196,24.62,30.77,0.87,6.27
197,24.97,29.86,1.24,3.62
198,24.64,27.35,1.7,3.99
199,24.49,29.02,1.19,10.16
200,23.99,28.62,1.01,25.04
201,23.98,28.32,1.24,9.76
202,24.06,27.6,1.39,3.67
203,24.08,27.74,1.62,0.2
204,23.82,28.48,1.17,0.89
205,24.38,29.32,1.0,26.62
206,24.43,28.75,1.16,8.42
207,24.41,27.93,1.18,0.46
208,25.06,28.63,1.11,5.21
209,24.61,27.76,1.1,1.71
210,24.71,27.97,1.03,1.06
211,24.89,28.32,0.98,19.65
212,25.56,29.55,1.26,4.68
213,24.94,29.26,1.55,0.2
214,25.22,28.53,1.07,0.57
215,25.16,28.5,1.21,1.51
216,24.65,27.96,1.17,0.66
217,24.28,28.9,1.16,0.44
218,25.0,27.3,1.31,4.25
219,24.34,28.65,1.4,10.28
220,24.37,28.1,1.34,9.7
221,24.54,28.54,1.35,4.07
222,24.5,28.33,1.32,0.61
223,24.47,29.21,1.25,0.17
224,24.84,28.35,1.27,1.81
225,24.28,28.85,1.37,0.4
226,25.07,29.76,1.33,0.02
227,25.24,29.55,1.41,0.0
228,25.39,29.14,1.36,0.02
229,25.48,28.1,1.28,4.52
230,25.27,29.5,1.12,2.73
231,25.23,29.06,1.11,2.01
232,25.23,28.79,1.22,2.64
233,25.35,28.16,1.21,2.49
234,24.93,28.81,1.46,22.63
235,25.06,28.17,1.25,9.35
236,24.94,28.01,1.3,2.03
237,24.67,27.2,1.05,1.71
238,24.68,29.53,0.83,1.11
239,25.51,29.38,0.9,0.03
240,25.43,29.22,1.26,8.13
241,24.99,28.84,1.38,16.03
242,24.6,28.94,1.22,11.91
243,24.56,28.99,1.14,6.99
244,24.47,27.11,1.07,6.53
245,24.24,28.16,1.01,1.58
246,24.19,28.7,1.28,14.45
247,24.17,28.72,1.05,5.08
248,24.27,29.15,0.82,2.22
249,25.22,29.47,0.48,2.15
250,24.48,29.52,0.95,1.83
251,24.43,28.02,0.97,7.49
252,24.73,30.47,0.38,7.48
253,24.39,29.48,0.92,2.04
254,24.37,28.64,0.93,26.29
255,23.77,27.56,0.54,9.25
256,23.55,26.8,1.42,0.03
257,23.94,26.9,1.29,6.84
258,24.18,28.19,1.16,6.19
259,24.34,29.22,1.23,3.91
260,24.65,28.2,1.51,13.12
261,24.89,28.3,1.66,12.48
262,24.57,28.19,1.2,10.2
263,24.78,28.82,0.92,10.22
264,24.52,29.48,0.91,4.73
265,24.37,27.75,1.43,3.34
266,24.25,27.98,1.47,1.19
267,24.26,28.4,1.43,2.74
268,24.59,29.4,1.22,2.58
269,25.06,28.08,1.26,4.33
270,24.99,29.17,1.24,12.0
271,24.86,28.45,1.15,6.12
272,24.94,28.24,1.55,1.72
273,24.91,29.43,1.26,4.97
274,25.23,28.59,1.35,2.84
275,24.96,29.17,1.03,0.87
276,24.57,29.62,0.88,2.87
277,24.95,27.6,1.18,35.83
278,24.83,29.42,1.03,8.59
279,25.28,27.94,0.93,18.91
280,24.67,29.01,1.18,5.25
281,25.01,28.33,1.52,0.27
282,24.83,27.52,1.71,0.72
283,24.31,29.46,0.9,0.53
284,25.29,29.82,1.19,7.96
285,24.37,27.44,1.72,7.77
286,24.05,27.84,1.66,3.03
287,24.28,28.43,1.67,1.53
288,24.66,29.74,1.39,0.6
289,25.35,30.37,0.79,0.34
290,25.35,32.16,0.95,2.06
291,24.51,29.45,1.42,0.76
292,24.88,28.72,1.22,3.99
293,24.75,30.11,0.99,5.68
294,24.35,27.21,1.48,7.92
295,24.59,29.8,1.38,4.67
296,24.32,28.78,1.7,3.33
297,24.45,27.45,1.85,1.97
298,24.28,28.31,1.82,0.77
299,24.43,27.8,1.52,0.59
300,24.35,27.25,1.61,2.23
301,24.54,28.24,1.18,20.05
302,24.5,26.77,1.33,9.71
303,24.02,27.82,1.15,32.11
304,24.23,28.98,0.9,38.86
305,24.98,30.39,0.59,1.57
306,24.28,29.5,1.15,1.93
307,24.56,29.86,0.75,6.34
308,24.13,29.96,0.89,4.71
309,24.23,28.71,1.07,21.43
310,23.79,30.36,0.95,20.07
311,24.14,29.32,0.98,3.26
312,24.54,28.64,0.88,1.49
313,24.62,29.38,1.01,1.49
314,24.99,30.04,0.93,16.19
315,24.47,30.76,1.02,13.88
316,24.27,30.14,1.24,9.69
317,24.06,30.71,0.91,1.95
318,23.87,30.36,1.05,6.35
319,24.0,30.72,0.82,6.75
320,23.96,30.17,1.05,4.09
321,24.58,29.97,1.15,2.81
322,25.1,29.62,0.93,7.64
323,24.52,29.78,1.02,8.36
324,24.85,29.06,0.76,9.63
325,24.35,30.45,0.76,7.55
326,24.88,28.51,1.31,4.34
327,24.49,28.98,1.17,10.16
328,24.15,29.02,1.04,6.85
329,24.44,30.03,0.95,2.93
330,24.35,28.02,0.97,4.87
331,24.04,29.1,0.55,0.95
332,23.89,27.73,1.0,0.86
333,24.16,28.72,0.72,12.22
334,24.12,28.8,0.85,15.86
335,24.65,28.83,1.08,2.75
336,24.94,29.54,0.73,0.98
337,24.68,29.44,0.99,1.4
338,24.82,28.35,0.92,2.77
339,24.24,27.98,1.02,3.62
340,24.45,28.11,1.09,17.88
341,24.32,28.21,1.31,10.61
342,24.15,28.19,1.27,3.47
343,24.12,26.82,1.28,4.49
344,24.21,27.31,1.07,18.35
345,24.15,26.87,0.99,9.97
346,24.31,27.88,1.13,4.44
347,23.55,27.44,0.74,0.5
348,23.89,29.55,1.25,0.03
349,23.49,28.53,1.0,1.11
350,24.37,29.24,1.19,10.77
351,24.05,28.51,1.27,25.9
352,23.79,26.46,1.32,7.23
353,23.5,29.11,1.22,3.02
354,24.55,28.04,0.75,15.26
355,24.14,28.02,0.84,10.71
356,24.48,28.58,0.95,7.73
357,24.08,28.29,1.5,17.85
358,24.12,27.57,1.36,11.69
359,24.2,26.3,1.77,12.4
360,23.43,28.94,1.25,4.05
361,23.65,28.9,1.42,2.64
362,24.32,27.45,1.53,8.49
363,24.04,26.37,1.45,5.95
364,23.77,26.51,1.64,0.79
365,23.25,28.83,1.6,0.07
1,22.75,29.03,1.72,0.03
2,23.38,28.5,1.43,2.34
3,23.71,28.92,1.51,3.94
4,23.73,28.02,1.52,2.89
5,23.36,28.99,0.81,3.51
6,23.69,28.8,1.24,3.62
7,23.18,28.99,1.23,3.06
8,23.51,25.61,1.56,0.52
9,22.98,29.38,1.26,0.75
10,23.18,29.27,1.25,0.9
11,22.91,27.45,1.35,3.66
12,22.52,28.8,1.19,0.59
13,22.33,29.25,1.33,0.06
14,23.06,29.33,1.57,0.0
15,22.13,28.67,1.94,0.0
16,21.81,28.65,1.79,0.0
17,21.75,28.53,1.46,0.0
18,21.97,29.43,1.29,0.0
19,22.58,29.44,1.19,0.0
20,23.26,28.83,1.32,0.0
21,22.33,29.16,1.4,0.0
22,22.72,29.23,1.33,0.0
23,23.37,29.7,1.3,0.45
24,23.02,30.03,1.18,0.29
25,23.33,29.97,1.32,1.98
26,23.14,29.15,0.95,10.57
27,23.7,29.63,1.41,14.17
28,23.36,29.24,1.64,4.33
29,23.19,29.8,1.42,0.19
30,23.54,28.8,1.46,2.58
31,23.6,28.28,1.47,13.02
32,23.54,27.86,1.55,3.76
33,23.08,27.23,1.31,21.45
34,23.24,28.89,1.16,5.11
35,23.14,29.06,1.04,5.33
36,23.09,29.9,1.06,5.19
37,23.15,30.39,0.87,3.28
38,23.58,30.16,0.72,10.12
39,24.1,31.18,0.51,5.47
40,24.3,30.96,0.52,7.74
41,24.32,30.02,0.87,11.88
42,24.62,29.5,0.93,23.2
43,24.14,28.82,0.8,11.72
44,24.66,27.07,0.86,15.64
45,24.05,31.62,0.56,6.34
46,23.84,28.23,1.21,11.1
47,23.55,29.72,1.05,1.79
48,24.2,29.64,0.98,1.72
49,23.81,29.87,1.29,1.04
50,23.98,30.43,0.99,0.11
51,24.68,30.67,0.73,0.0
52,24.91,30.45,0.72,0.0
53,24.76,30.71,0.9,0.0
54,24.26,31.15,0.88,0.0
55,24.75,30.84,1.08,7.64
56,24.78,31.56,0.99,3.14
57,24.48,30.34,0.88,0.11
58,24.39,30.95,0.96,0.09
59,24.37,31.04,0.91,0.08
60,25.13,29.61,1.5,3.16
61,23.81,29.13,1.84,6.71
62,24.7,28.22,1.78,2.51
63,24.49,27.95,1.63,0.84
64,23.97,27.91,1.87,0.98
65,24.32,27.44,1.76,48.57
66,24.03,28.76,1.21,28.73
67,23.94,28.79,0.79,13.23
68,24.17,27.78,1.05,17.04
69,23.99,28.88,1.13,46.76
70,24.07,29.82,1.05,16.15
71,24.47,29.45,1.51,3.49
72,24.12,29.93,1.52,2.19
73,24.06,29.84,1.38,4.93
74,24.08,30.2,1.17,6.32
75,24.3,29.36,1.51,14.92
76,24.1,29.34,1.56,5.64
77,23.97,29.48,1.4,3.15
78,23.97,30.42,1.25,1.29
79,24.07,30.84,1.11,0.67
80,24.39,30.7,1.35,5.15
81,24.29,30.44,1.16,4.09
82,24.25,30.76,1.04,1.44
83,24.35,31.16,1.28,1.14
84,24.4,30.93,1.08,13.14
85,24.61,29.54,1.01,16.99
86,24.6,30.33,1.08,6.33
87,24.52,30.43,0.78,3.5
88,25.61,29.35,0.61,6.57
89,25.13,30.98,0.71,2.83
90,25.59,29.51,0.68,2.76
91,24.79,28.4,0.94,1.82
92,23.92,29.57,1.34,0.3
93,24.26,30.64,1.18,0.22
94,23.83,31.08,0.9,0.09
95,24.72,31.01,1.09,4.74
96,24.2,30.8,1.33,4.8
97,24.36,31.1,1.07,10.37
98,25.35,31.02,0.95,2.43
99,26.39,30.71,0.84,0.19
100,25.85,30.41,0.79,0.08
101,25.87,30.05,1.07,0.11
102,25.51,28.74,1.67,5.64
103,25.73,28.65,1.9,3.6
104,25.43,29.32,1.72,0.68
105,25.65,27.73,1.6,18.84
106,25.15,30.59,1.0,4.44
107,25.0,31.29,0.83,8.58
108,24.83,30.83,0.78,6.78
109,25.3,29.12,1.35,8.24
110,24.86,29.16,1.56,1.27
111,25.15,28.13,1.53,1.28
112,25.49,29.42,1.51,0.99
113,24.89,29.15,1.37,2.11
114,25.18,28.64,1.23,1.34
115,25.05,28.98,1.06,18.47
116,24.74,29.23,1.04,8.09
117,25.28,29.47,0.89,0.23
118,25.49,28.15,0.87,1.28
119,25.37,27.64,1.3,4.78
120,25.15,29.32,1.27,3.62
121,25.65,29.0,1.24,0.55
122,25.12,28.96,1.4,5.23
123,25.31,28.77,1.3,2.11
124,25.37,28.88,1.16,0.57
125,25.91,29.78,0.9,3.39
126,25.67,28.53,1.02,4.83
127,25.97,29.31,0.74,0.65
128,25.98,30.56,0.69,0.94
129,25.56,30.74,0.87,12.87
130,25.21,29.79,0.82,4.59
131,25.69,29.18,1.03,1.62
132,26.07,31.88,0.97,20.08
133,25.74,28.21,0.69,4.44
134,25.4,29.83,0.88,6.24
135,25.17,29.93,0.91,2.62
136,25.18,29.37,1.25,2.71
137,25.43,29.4,1.19,0.35
138,25.51,30.13,1.07,0.56
139,25.71,29.8,1.07,4.86
140,25.67,27.59,0.81,3.59
141,25.45,29.34,0.88,7.68
142,25.76,30.54,0.91,34.12
143,25.62,30.24,0.98,28.21
144,25.24,30.68,0.92,11.34
145,25.18,28.4,1.36,3.12
146,25.79,29.77,0.98,9.4
147,25.61,29.16,1.15,11.9
148,25.82,29.38,0.91,2.6
149,25.53,29.11,1.49,0.0
150,25.97,29.26,1.57,0.01
151,25.93,28.28,1.51,2.89
152,25.42,28.14,1.07,3.33
153,25.59,30.62,0.74,0.25
154,25.33,30.75,0.98,0.37
155,26.08,29.59,0.96,0.58
156,26.07,29.57,1.21,0.77
157,25.63,29.58,1.1,0.19
158,25.63,30.05,1.13,0.16
159,25.16,29.77,1.4,0.73
160,25.56,29.74,1.48,0.39
161,25.45,29.83,1.06,0.65
162,26.03,30.09,0.91,0.02
163,25.59,29.87,1.01,15.46
164,25.05,29.36,1.15,3.89
165,25.45,29.62,1.27,0.38
166,25.15,28.59,1.2,0.19
167,25.42,28.2,1.3,2.74
168,24.64,29.2,1.38,0.32
169,24.9,29.29,1.76,0.22
170,24.98,28.73,1.82,0.23
171,24.74,29.52,1.66,0.04
172,25.3,29.7,1.4,0.03
173,25.32,29.73,1.55,0.06
174,24.41,29.52,1.65,0.12
175,25.15,30.09,1.38,0.1
176,25.34,29.4,1.46,0.0
177,25.25,29.95,1.52,0.04
178,25.44,29.66,1.39,0.0
179,25.06,29.05,1.44,0.0
180,24.94,29.71,1.17,0.0
181,24.87,29.22,1.19,0.21
182,25.01,29.62,1.03,0.13
183,25.88,29.96,1.0,0.02
184,25.29,29.16,1.04,1.35
185,25.42,27.89,0.82,1.51
186,25.38,29.65,0.77,0.18
187,25.26,28.38,1.13,2.21
188,25.69,29.21,0.76,0.86
189,25.34,28.19,1.18,0.99
190,24.9,28.32,1.11,12.33
191,24.7,29.19,0.81,11.23
192,25.29,30.21,0.7,1.43
193,24.75,29.6,1.43,0.36
194,24.72,29.11,1.54,0.38
195,24.99,30.19,1.03,0.7
196,25.16,29.1,1.0,0.25
197,25.07,29.33,1.04,1.0
198,25.61,29.98,0.79,0.26
199,25.48,28.49,1.14,3.64
200,24.57,26.34,1.16,6.09
201,24.07,29.01,1.11,6.77
202,24.99,30.29,0.99,10.22
203,24.41,28.36,0.96,5.13
204,24.32,28.14,0.76,4.06
205,23.93,29.99,1.04,8.33
206,24.48,29.84,0.87,0.56
207,25.07,28.01,1.11,0.46
208,24.5,28.5,1.43,2.49
209,24.96,28.7,1.16,8.29
210,24.79,28.71,1.13,4.03
211,24.54,29.75,0.93,0.21
212,25.03,29.06,1.19,0.21
213,25.06,29.28,1.42,0.31
214,24.68,29.75,1.5,0.55
215,24.49,30.39,1.14,0.53
216,24.88,29.56,1.29,0.03
217,24.97,29.16,1.21,0.74
218,25.16,28.69,0.91,0.33
219,24.98,28.32,0.79,0.82
220,24.5,29.09,1.37,0.21
221,24.76,28.51,1.55,15.78
222,24.66,28.27,1.52,15.62
223,24.54,28.48,1.56,3.04
224,24.72,29.7,1.79,0.58
225,24.64,29.5,1.68,0.01
226,24.78,28.07,1.86,0.21
227,24.57,28.61,1.48,3.67
228,24.75,29.1,1.34,3.16
229,24.65,28.44,1.43,6.34
230,24.56,28.87,1.26,2.56
231,24.7,28.5,1.27,10.84
232,24.57,28.7,1.23,5.75
233,24.55,28.46,1.49,1.75
234,24.62,28.11,1.52,2.41
235,24.58,29.04,1.33,9.9
236,24.57,29.19,1.54,7.5
237,24.95,29.45,1.37,4.14
238,24.68,28.54,1.59,0.93
239,24.5,29.57,1.77,3.02
240,24.54,29.99,1.73,1.2
241,24.46,30.44,1.51,0.02
242,25.06,28.87,1.51,1.11
243,25.16,30.39,1.15,1.7
244,24.53,26.76,1.46,18.12
245,23.96,29.94,1.07,1.19
246,24.48,30.01,1.21,1.47
247,24.23,29.71,1.36,2.64
248,24.92,27.69,0.96,8.32
249,24.15,29.14,1.32,5.1
250,24.33,29.79,1.63,0.27
251,24.77,29.8,1.61,0.57
252,24.93,27.89,1.26,0.7
253,24.21,28.01,1.29,0.24
254,24.77,29.24,1.2,0.81
255,24.74,30.04,0.76,28.01
256,23.84,28.66,1.28,9.09
257,24.04,29.86,1.2,5.5
258,24.6,28.96,1.01,9.87
259,24.58,29.24,1.0,14.36
260,25.06,28.26,1.04,11.39
261,25.03,28.96,1.11,15.98
262,24.85,28.87,1.19,8.21
263,24.7,29.04,1.13,0.92
264,24.66,28.04,1.5,26.49
265,24.65,29.56,1.71,4.81
266,24.39,29.97,1.41,3.22
267,24.6,30.1,1.17,4.66
268,25.33,29.01,0.95,3.2
269,24.49,28.47,1.41,1.01
270,24.71,27.15,1.65,1.68
271,24.5,28.44,1.9,1.26
272,24.19,28.83,1.35,10.11
273,24.47,28.79,1.17,4.46
274,25.16,29.23,0.99,13.88
275,24.32,29.18,1.33,21.14
276,24.2,29.36,1.12,47.53
277,24.72,27.72,0.95,15.49
278,24.82,27.24,0.92,4.31
279,24.98,28.97,0.76,0.31
280,25.01,27.37,1.06,11.67
281,24.64,29.37,0.86,8.81
282,24.99,28.65,0.88,2.81
283,24.01,27.72,1.35,6.14
284,23.8,28.91,1.82,2.85
285,24.67,27.33,1.65,2.73
286,24.09,29.65,1.41,1.54
287,24.52,29.3,1.22,3.45
288,24.74,28.07,1.09,3.67
289,25.09,31.0,0.62,0.01
290,25.46,28.52,0.63,1.03
291,24.74,28.12,1.28,0.68
292,25.27,29.74,0.73,6.29
293,25.14,29.51,0.66,4.05
294,24.84,28.1,1.5,2.84
295,24.31,28.07,1.74,3.66
296,24.53,28.44,1.8,2.41
297,24.43,27.5,1.74,3.49
298,24.44,28.89,1.11,2.29
299,24.25,29.47,1.39,1.37
300,24.4,30.53,0.67,25.49
301,24.17,29.9,0.89,7.83
302,24.77,30.6,0.91,1.71
303,24.58,29.96,0.8,5.15
304,24.51,29.56,0.65,7.19
305,24.1,30.08,0.88,2.84
306,24.0,30.48,0.95,2.37
307,24.48,28.2,1.14,23.91
308,24.22,28.58,1.23,13.02
309,23.96,29.71,0.93,12.97
310,24.26,31.36,0.87,6.83
311,24.9,29.21,1.29,5.88
312,24.46,26.35,1.1,7.9
313,24.43,29.62,1.23,2.5
314,25.37,29.33,0.57,4.52
315,24.48,31.08,0.88,33.0
316,24.34,29.92,0.91,18.75
317,25.1,29.47,0.89,4.96
318,25.03,30.49,0.8,32.36
319,24.31,29.25,1.09,40.5
320,24.07,29.02,0.86,19.63
321,24.56,27.8,1.17,3.91
322,24.35,28.68,2.01,6.69
323,24.11,27.33,1.84,9.03
324,24.51,26.53,1.79,4.82
325,23.74,27.71,1.74,3.14
326,24.43,28.51,1.78,2.03
327,24.46,27.53,2.05,3.08
328,23.55,26.81,1.93,14.07
329,24.14,27.65,1.8,12.17
330,24.24,27.26,1.66,7.92
331,24.45,27.65,1.65,17.31
332,24.09,30.14,0.98,7.59
333,24.74,27.47,1.25,10.89
334,24.45,28.23,1.63,21.3
335,24.35,27.56,1.11,10.07
336,24.08,27.26,1.05,4.93
337,23.96,29.07,1.29,3.15
338,23.95,27.82,1.39,12.07
339,23.56,28.02,1.31,7.8
340,23.92,28.26,1.19,3.98
341,24.37,29.97,1.0,4.57
342,24.46,30.88,0.73,5.1
343,23.98,30.06,1.02,5.39
344,24.65,27.54,0.99,51.39
345,24.27,28.39,0.84,30.12
346,24.92,30.0,0.72,3.47
347,24.39,28.66,1.36,4.71
348,24.48,26.07,1.76,12.04
349,23.89,28.95,1.05,9.61
350,24.17,26.16,1.31,5.38
351,23.57,29.07,1.17,2.13
352,23.87,29.08,1.27,8.12
353,23.47,29.19,1.31,11.04
354,24.37,29.11,0.83,8.4
355,23.75,29.21,1.01,5.76
356,23.4,29.99,1.26,1.39
357,23.74,29.72,1.39,3.83
358,24.01,28.48,1.66,3.01
359,23.36,28.29,2.01,0.87
360,22.64,29.39,1.48,7.4
361,22.74,29.27,1.46,4.73
362,23.44,28.94,1.34,0.24
363,23.44,29.35,1.47,0.26
364,23.01,29.65,1.31,0.06
365,23.16,29.78,1.3,0.19
1,23.66,27.65,1.14,0.49
2,24.05,29.08,1.09,4.94
3,23.59,28.86,1.51,3.3
4,23.81,27.97,1.41,8.85
5,23.88,27.54,1.48,10.17
6,23.72,27.32,1.63,6.03
7,23.13,26.58,1.58,1.9
8,23.05,27.13,1.75,1.01
9,23.15,27.76,1.63,0.41
10,23.43,26.37,1.82,8.13
11,23.08,26.74,1.89,4.13
12,22.74,26.03,1.67,1.99
13,22.37,27.74,1.53,0.22
14,23.08,27.66,1.67,2.65
15,22.22,28.47,1.24,0.03
16,23.07,27.72,1.44,3.31
17,23.27,27.38,1.21,5.87
18,23.12,28.78,1.12,4.36
19,23.21,27.79,1.12,4.25
20,23.29,28.7,0.83,8.19
21,23.61,28.95,0.89,2.56
22,22.52,29.37,1.18,0.47
23,21.95,29.37,1.18,0.06
24,23.12,28.49,0.95,0.02
25,23.61,27.86,1.0,2.14
26,22.75,28.26,1.08,0.9
27,22.79,28.36,1.18,0.05
28,22.62,28.86,1.29,0.23
29,22.17,27.3,1.38,0.09
30,21.62,28.97,1.12,0.17
31,22.39,29.06,1.04,3.15
32,23.12,28.85,0.76,13.56
33,23.23,28.08,1.06,6.47
34,23.38,26.94,0.82,5.39
35,23.0,27.7,0.93,5.01
36,23.36,26.07,1.07,1.68
37,22.8,30.16,0.92,0.75
38,23.54,28.51,1.13,0.99
39,22.65,30.05,1.32,0.35
40,23.16,29.3,1.68,2.27
41,22.64,29.22,1.64,0.37
42,21.78,29.03,1.41,0.0
43,22.96,28.86,1.37,0.01
44,22.8,29.44,1.36,0.0
45,22.55,29.73,1.2,0.81
46,23.12,28.88,1.3,4.6
47,24.11,28.64,1.0,5.42
48,24.16,29.2,0.88,3.58
49,23.46,29.47,0.78,1.11
50,23.88,29.82,0.91,0.25
51,24.17,29.81,1.32,0.0
52,24.47,28.03,1.23,0.11
53,24.46,30.02,0.9,7.57
54,23.31,29.99,1.28,1.59
55,22.42,30.02,1.32,0.02
56,23.35,30.02,1.43,2.03
57,22.48,29.31,1.45,0.49
58,22.22,29.6,1.34,0.01
59,22.56,29.49,1.41,0.02
60,23.49,29.93,1.44,0.18
61,23.67,29.05,1.66,1.17
62,23.24,28.65,1.71,2.65
63,23.12,27.26,1.82,2.89
64,22.37,28.44,1.75,4.17
65,22.17,29.03,1.64,2.39
66,22.7,28.54,1.47,6.51
67,23.35,27.03,1.46,23.45
68,23.63,26.61,1.24,35.88
69,23.74,28.19,1.41,18.18
70,23.82,29.02,1.19,8.93
71,23.81,28.99,1.05,5.89
72,23.5,29.73,1.03,1.77
73,23.5,30.63,1.03,4.78
74,24.04,30.55,0.88,4.0
75,24.38,30.21,1.04,3.83
76,24.15,30.3,1.08,2.14
77,24.52,30.35,0.99,5.87
78,24.72,29.61,0.84,4.26
79,24.61,29.89,1.3,0.87
80,24.63,30.06,1.46,1.06
81,24.9,30.21,1.36,2.42
82,24.37,29.56,0.99,0.97
83,24.98,27.63,1.0,7.14
84,24.1,30.58,0.82,1.49
85,23.89,31.05,0.99,0.1
86,23.13,30.78,1.02,0.07
87,23.49,31.05,0.68,0.13
88,24.39,30.02,0.72,8.4
89,24.68,28.97,0.87,3.99
90,24.24,28.34,1.1,11.92
91,24.66,30.14,1.3,5.99
92,24.96,30.53,1.04,6.86
93,24.98,28.14,1.21,8.01
94,24.64,30.34,0.98,4.85
95,24.84,29.53,0.63,11.37
96,24.22,30.78,0.71,6.04
97,24.01,30.88,0.82,5.44
98,24.58,30.69,0.77,14.63
99,24.79,29.89,0.81,11.52
100,25.25,30.99,0.45,18.86
101,25.72,29.09,0.71,8.83
102,25.95,30.36,0.81,4.14
103,24.79,30.13,1.11,7.42
104,24.91,30.36,0.95,19.5
105,24.62,32.09,0.66,11.03
106,24.77,30.42,0.78,21.72
107,24.98,28.66,0.96,23.15
108,24.99,30.36,0.79,5.91
109,24.99,29.72,0.84,0.39
110,25.34,28.52,1.28,2.49
111,24.77,30.54,0.67,6.18
112,25.66,29.98,0.92,5.93
113,25.52,29.71,0.64,16.06
114,24.93,30.56,1.13,6.73
115,24.92,30.4,1.06,1.5
116,25.07,30.5,1.11,1.59
117,25.44,29.83,0.9,0.99
118,25.68,30.62,0.64,4.31
119,25.01,29.76,0.95,8.97
120,25.37,30.51,0.94,34.46
121,25.01,30.57,1.37,12.53
122,24.68,31.02,1.13,8.52
123,25.39,30.25,0.93,7.83
124,25.75,31.44,0.85,34.17
125,25.48,30.38,1.24,6.7
126,25.38,29.33,1.05,6.47
127,25.4,29.17,1.32,3.64
128,26.12,28.67,1.92,2.27
129,25.73,28.69,1.4,7.62
130,25.69,29.08,1.72,3.64
131,25.57,28.64,1.79,0.98
132,25.59,28.85,1.72,1.28
133,25.62,30.06,1.37,0.31
134,25.67,30.03,1.12,0.0
135,25.66,29.91,0.85,0.82
136,26.24,28.92,0.86,2.53
137,25.54,29.07,1.2,3.65
138,25.48,29.6,1.22,2.27
139,25.71,29.47,1.3,1.63
140,25.67,29.57,1.43,1.45
141,25.44,29.87,1.4,9.56
142,25.51,29.31,1.47,19.11
143,25.55,29.36,1.61,16.08
144,25.46,29.65,1.58,22.44
145,25.52,28.68,1.41,23.43
146,25.46,29.49,1.5,7.35
147,25.65,29.19,1.04,1.02
148,25.19,28.69,1.41,0.33
149,25.27,29.46,1.67,0.23
150,25.13,29.31,1.28,16.91
151,24.92,28.99,1.33,2.73
152,24.96,29.87,1.27,0.63
153,25.23,28.28,1.02,0.25
154,25.78,29.22,0.76,1.06
155,25.21,30.01,0.93,7.72
156,25.46,28.78,0.99,6.25
157,25.28,28.1,1.39,2.73
158,25.42,29.16,1.37,1.22
159,25.18,29.42,1.65,0.05
160,25.1,29.4,1.71,0.94
161,25.19,29.22,1.55,0.69
162,25.08,28.54,1.06,8.33
163,25.26,28.87,0.99,6.6
164,24.9,29.29,1.16,0.75
165,25.83,29.59,0.93,0.26
166,25.01,30.4,1.02,2.85
167,25.17,29.36,0.93,15.47
168,25.39,33.19,0.77,29.24
169,25.83,30.9,0.84,15.66
170,25.58,27.77,1.17,9.21
171,24.98,29.23,1.26,0.09
172,25.48,29.71,1.41,0.02
173,25.79,29.56,1.31,0.02
174,25.52,28.59,1.51,0.26
175,26.0,28.58,1.42,0.37
176,25.49,28.61,1.5,0.0
177,25.59,29.19,1.32,0.0
178,25.91,29.51,1.27,0.22
179,25.49,29.15,1.07,3.17
180,25.87,30.93,0.94,1.49
181,25.72,30.46,1.17,0.95
182,25.49,29.47,1.22,3.12
183,25.47,28.31,1.59,1.26
184,24.98,29.4,1.42,0.04
185,25.52,28.49,1.31,1.68
186,25.0,29.86,1.29,0.35
187,25.49,29.37,1.66,0.01
188,25.45,29.9,1.73,2.53
189,25.86,29.19,1.5,1.63
190,25.76,28.41,1.17,0.81
191,25.36,28.85,1.41,5.47
192,25.35,28.3,1.68,4.82
193,24.02,27.37,1.56,3.05
194,24.67,29.24,1.29,0.47
195,25.2,28.78,1.21,0.69
196,25.37,28.31,1.03,4.19
197,25.11,27.81,1.5,3.65
198,24.98,29.31,1.68,0.0
199,25.08,28.39,1.57,0.0
200,25.13,29.37,1.61,0.0
201,25.22,29.02,1.71,0.0
202,25.44,28.84,1.6,0.8
203,25.55,29.65,1.59,1.54
204,25.31,29.85,1.3,0.52
205,25.38,30.69,0.78,0.87
206,24.5,27.85,0.97,9.44
207,24.17,28.36,0.91,7.42
208,24.85,30.12,0.99,4.59
209,24.83,28.66,0.7,2.44
210,24.99,26.56,1.19,3.47
211,23.97,28.94,1.45,4.13
212,24.71,29.01,1.31,3.16
213,24.65,28.59,1.55,8.04
214,24.66,29.16,1.45,2.58
215,24.57,29.59,1.31,1.24
216,24.56,29.52,1.51,0.69
217,24.34,29.35,1.39,0.32
218,24.65,28.93,1.36,0.06
219,24.62,29.33,1.36,0.1
220,25.09,29.04,1.48,0.04
221,24.96,29.9,1.43,0.02
222,25.09,30.01,1.39,0.0
223,25.46,28.88,1.1,0.01
224,25.4,29.78,1.51,0.0
225,25.55,28.21,1.32,0.0
226,26.19,31.02,0.76,0.01
227,25.27,29.43,1.43,0.54
228,25.49,28.95,1.14,1.1
229,25.35,29.17,1.35,0.29
230,25.08,29.3,1.23,0.55
231,25.13,28.08,1.05,0.46
232,25.24,28.75,0.99,0.05
233,25.44,28.97,0.62,1.37
234,25.24,28.74,1.13,4.33
235,24.88,28.86,1.41,4.06
236,25.04,29.38,1.32,5.2
237,24.84,29.88,0.84,1.69
238,24.82,29.14,0.96,8.82
239,24.54,29.3,1.09,0.76
240,25.36,28.0,1.18,10.77
241,24.74,28.87,1.24,39.37
242,24.96,27.44,1.1,9.32
243,24.87,28.05,1.45,10.26
244,24.74,29.77,1.27,1.41
245,24.55,28.08,1.37,5.34
246,24.98,29.39,1.03,18.49
247,24.66,28.03,1.3,14.55
248,24.27,29.15,1.76,17.41
249,25.14,27.79,1.61,11.84
250,24.22,28.31,1.04,4.71
251,24.53,26.6,1.43,2.09
252,23.9,27.66,1.12,1.44
253,24.16,27.47,1.05,1.52
254,23.95,28.42,0.81,1.84
255,24.74,29.9,0.74,2.65
256,24.29,29.51,0.98,8.31
257,24.91,30.05,0.95,4.32
258,24.47,29.48,1.6,3.24
259,24.54,27.87,1.59,0.73
260,24.21,29.4,1.51,0.12
261,24.46,30.23,1.52,3.53
262,24.94,29.98,1.49,1.18
263,24.95,28.22,1.01,0.7
264,25.22,27.48,1.22,4.23
265,25.25,28.91,1.27,6.38
266,25.45,29.05,0.86,10.0
267,25.11,29.17,0.71,9.77
268,24.56,29.68,1.13,5.47
269,24.64,30.18,1.61,7.45
270,24.93,28.84,1.45,6.31
271,25.1,27.49,1.04,7.67
272,25.06,29.55,0.75,7.73
273,25.08,28.36,0.98,31.19
274,24.62,28.4,1.12,20.56
275,24.32,30.21,1.01,19.73
276,24.71,29.29,1.45,15.7
277,24.28,30.85,1.07,10.95
278,25.03,30.34,0.73,6.06
279,24.28,27.82,1.13,8.42
280,24.42,29.32,1.09,14.14
281,24.64,28.65,1.09,4.27
282,24.67,28.8,0.97,2.7
283,24.49,27.95,1.26,3.66
284,24.08,28.97,1.33,7.87
285,24.7,28.23,1.7,5.44
286,24.18,28.83,1.61,2.84
287,24.16,29.98,1.49,3.17
288,24.73,29.52,1.09,5.26
289,25.02,29.97,0.66,6.16
290,25.37,29.16,0.79,3.22
291,25.24,29.66,0.81,0.85
292,24.74,29.96,1.29,1.48
293,24.79,29.96,1.13,4.37
294,24.86,28.7,1.55,3.15
295,24.5,29.96,1.14,1.23
296,24.85,29.08,1.25,23.82
297,24.66,29.09,1.3,11.73
298,25.05,30.25,0.68,19.09
299,24.98,30.17,1.06,35.63
300,24.88,29.73,0.82,7.57
301,24.81,29.86,1.18,0.68
302,24.58,29.62,1.15,1.52
303,24.72,30.0,0.78,2.08
304,24.77,30.68,1.05,5.98
305,24.57,30.72,0.86,12.19
306,24.95,27.3,1.12,41.64
307,24.51,28.64,1.13,14.54
308,24.66,29.2,1.04,14.11
309,24.84,28.68,1.31,4.48
310,24.94,28.85,0.9,0.48
311,24.47,29.32,0.8,1.41
312,24.81,26.66,1.15,10.26
313,24.1,28.86,1.46,4.69
314,23.82,29.95,1.44,2.09
315,24.18,29.17,1.06,7.57
316,24.71,29.09,1.74,16.63
317,24.59,27.54,1.72,5.1
318,24.05,29.2,1.39,1.42
319,24.35,28.2,1.34,5.13
320,24.32,28.6,1.37,3.04
321,24.76,28.88,1.29,2.46
322,24.6,27.2,1.53,4.82
323,24.1,28.06,1.55,2.03
324,24.4,28.27,1.55,7.37
325,24.15,29.54,1.07,17.09
326,24.04,29.44,0.85,17.72
327,24.69,28.93,0.84,19.74
328,24.14,28.9,1.26,8.35
329,24.51,29.25,0.77,6.08
330,24.06,29.2,1.04,18.96
331,24.75,28.64,0.81,20.49
332,24.35,27.41,1.17,4.17
333,23.9,28.55,1.51,7.4
334,24.19,27.19,1.36,3.69
335,23.68,26.53,1.11,3.97
336,23.87,27.4,1.38,2.82
337,24.62,29.36,0.93,10.76
338,24.81,29.1,1.0,29.19
339,24.62,28.89,0.9,3.29
340,24.71,29.17,1.21,1.25
341,24.62,29.68,1.44,9.49
342,24.17,29.26,1.34,15.19
343,24.13,29.63,1.49,5.7
344,24.71,28.03,1.57,12.77
345,24.16,28.21,1.51,10.43
346,23.76,28.77,1.56,14.89
347,23.24,29.43,1.51,4.23
348,23.15,29.23,1.44,3.77
349,22.92,29.37,1.44,4.26
350,22.88,29.07,1.41,3.37
351,23.04,28.9,1.55,0.57
352,24.25,28.84,1.18,4.17
353,23.83,29.04,1.42,17.67
354,23.59,28.82,1.67,9.22
355,23.87,29.21,1.74,1.88
356,23.58,27.24,1.78,6.45
357,22.59,28.56,1.72,0.34
358,22.6,29.23,1.45,0.01
359,22.84,29.66,1.51,0.03
360,23.47,29.91,1.42,0.3
361,23.75,30.27,1.33,1.84
362,24.04,29.18,1.61,6.86
363,23.77,28.9,1.56,3.36
364,23.6,27.8,1.6,3.11
365,23.4,29.35,1.38,1.61
1,23.1,29.81,1.07,0.96
2,23.21,30.03,1.13,0.42
3,23.61,29.57,1.37,0.23
4,22.78,29.55,1.41,0.09
5,22.35,29.57,1.04,0.16
6,23.23,29.88,1.05,0.13
7,23.5,29.09,1.38,13.31
8,23.57,27.87,1.48,5.97
9,23.56,27.36,1.57,6.71
10,22.86,27.97,1.56,3.39
11,22.93,28.03,1.44,9.47
12,23.26,26.6,1.32,8.85
13,23.42,26.17,1.34,3.99
14,23.25,26.86,1.54,3.62
15,22.86,28.28,1.59,0.46
16,22.31,29.16,1.4,0.12
17,22.84,28.42,1.6,0.17
18,22.31,28.79,1.51,0.51
19,23.0,28.88,1.29,0.07
20,22.8,28.12,1.03,1.01
21,23.09,29.2,1.25,1.92
22,23.57,29.14,1.14,0.49
23,23.62,28.58,1.5,0.16
24,22.84,28.88,1.02,0.59
25,23.62,26.93,1.38,0.73
26,23.53,25.83,1.62,24.18
27,22.97,27.63,1.83,12.67
28,22.58,28.6,1.41,0.48
29,22.72,28.53,1.57,1.83
30,22.93,29.07,1.34,1.09
31,22.78,28.77,1.35,6.64
32,22.89,29.54,1.53,1.45
33,22.67,29.21,1.66,0.05
34,22.01,29.27,1.53,0.17
35,22.72,29.46,1.53,0.12
36,22.63,29.34,1.63,0.41
37,22.45,29.22,1.63,0.3
38,22.96,29.31,1.44,0.27
39,22.63,29.23,1.45,0.27
40,22.57,29.06,1.4,1.4
41,22.78,29.45,1.44,3.3
42,23.09,28.97,1.41,3.08
43,22.96,29.99,1.09,0.07
44,23.58,30.04,1.14,0.27
45,22.65,30.16,1.18,0.52
46,22.32,29.96,1.3,0.11
47,23.06,30.24,1.02,0.01
48,23.19,30.14,1.14,0.0
49,22.75,30.12,1.19,0.0
50,22.23,30.21,1.0,0.06
51,23.43,30.61,1.3,0.24
52,23.41,30.67,1.36,0.23
53,22.85,30.36,1.4,11.86
54,22.55,29.74,1.44,5.23
55,23.24,29.76,0.98,0.18
56,23.57,30.3,1.11,0.05
57,23.95,29.27,1.02,0.99
58,23.59,30.1,1.08,1.77
59,23.7,30.52,1.2,3.6
60,23.9,30.63,1.13,1.53
61,23.58,30.18,1.13,8.56
62,23.91,30.07,1.26,2.24
63,24.32,29.39,1.67,1.83
64,24.16,29.98,1.5,10.12
65,24.11,30.11,1.44,12.56
66,23.92,30.35,1.26,12.49
67,23.77,30.61,1.14,7.05
68,24.01,30.86,1.21,7.27
69,24.12,30.93,1.38,11.75
70,24.33,31.24,1.26,2.11
71,24.66,30.74,1.34,1.49
72,24.07,30.79,1.39,1.17
73,24.22,30.74,1.35,5.54
74,24.13,30.98,1.29,10.61
75,24.46,31.08,1.1,22.91
76,24.33,30.41,1.02,9.84
77,25.41,28.23,0.95,2.15
78,25.21,28.65,1.1,6.41
79,24.52,27.62,1.43,10.98
80,24.47,28.22,1.57,5.12
81,24.8,28.44,1.01,0.98
82,25.56,29.56,0.66,0.31
83,24.82,28.73,0.68,1.33
84,24.67,31.02,0.87,1.12
85,25.03,30.59,1.24,0.03
86,24.91,31.25,1.45,5.04
87,24.66,30.07,1.01,0.98
88,24.84,28.76,0.97,0.69
89,24.87,28.82,1.21,9.05
90,24.51,30.66,1.74,4.37
91,24.77,30.91,1.47,8.24
92,24.65,30.93,1.27,3.65
93,25.0,30.32,1.04,4.81
94,25.05,30.91,0.82,3.2
95,24.98,31.34,0.79,6.31
96,24.9,31.51,0.55,3.58
97,25.9,31.7,0.52,29.75
98,25.54,29.32,1.44,17.36
99,25.2,30.09,1.06,5.18
100,25.54,28.9,1.37,4.29
101,25.6,28.51,1.25,1.79
102,25.57,29.17,1.04,4.23
103,25.44,31.17,0.88,2.45
104,25.56,30.38,1.33,1.0
105,25.68,30.32,1.24,0.35
106,25.75,31.22,0.74,0.68
107,24.66,31.82,1.27,1.35
108,24.82,31.35,1.17,3.29
109,25.15,31.06,1.25,3.76
110,25.37,32.26,0.95,46.47
111,25.41,30.8,0.77,14.37
112,24.72,30.41,1.2,8.2
113,24.97,34.65,0.6,25.37
114,25.01,30.05,0.77,7.68
115,25.1,30.99,0.93,1.88
116,25.74,29.34,0.71,2.48
117,25.95,32.09,0.57,7.18
118,25.71,30.36,0.56,24.72
119,25.15,30.03,0.92,10.31
120,24.97,30.06,0.8,2.46
121,25.51,28.17,0.62,5.36
122,24.48,27.31,0.9,4.05
123,25.4,30.07,0.93,2.96
124,25.73,29.13,1.04,1.45
125,25.05,29.05,1.07,2.97
126,25.75,30.7,1.0,5.59
127,25.45,28.57,1.26,2.45
128,25.53,28.82,1.21,0.32
129,25.81,29.93,0.91,8.53
130,25.96,31.3,0.73,19.1
131,25.26,29.6,1.14,20.03
132,24.96,31.03,0.67,9.24
133,24.81,30.6,1.06,1.56
134,25.32,29.8,0.73,5.69
135,24.9,26.76,0.87,4.88
136,25.65,29.57,0.8,1.46
137,25.32,29.5,0.79,0.12
138,26.11,28.94,0.88,1.21
139,25.59,29.09,1.42,0.59
140,25.3,30.27,1.6,0.19
141,25.42,28.83,1.26,2.09
142,25.67,29.29,1.23,3.32
143,25.53,30.27,1.56,0.64
144,25.51,30.06,1.52,0.1
145,25.84,29.11,1.45,0.22
146,25.47,29.17,1.17,6.56
147,25.59,28.98,1.2,20.19
148,25.36,30.51,0.84,10.25
149,25.12,29.56,1.26,1.0
150,25.28,28.07,1.38,0.24
151,25.56,29.56,1.55,5.16
152,25.37,29.31,1.3,2.12
153,25.77,30.55,1.1,0.34
154,26.35,29.85,1.05,1.87
155,25.67,31.26,0.92,35.53
156,25.4,30.71,0.56,4.25
157,25.59,29.91,0.62,7.98
158,25.46,30.25,0.83,1.46
159,25.71,30.75,0.81,0.0
160,25.9,29.31,1.54,0.01
161,25.92,29.71,1.58,0.61
162,25.78,30.14,1.58,5.33
163,25.81,30.35,1.5,1.87
164,25.94,28.71,1.53,0.94
165,25.63,30.14,1.41,4.06
166,25.59,30.18,1.38,5.04
167,26.16,29.72,1.64,1.28
168,25.96,30.28,1.32,0.16
169,25.6,29.27,1.41,10.11
170,25.86,28.64,1.43,6.35
171,25.75,29.0,1.54,0.57
172,25.64,27.83,1.76,7.72
173,25.37,28.23,1.57,17.23
174,25.75,29.5,1.49,2.08
175,25.78,28.64,1.21,0.72
176,25.3,30.13,1.42,0.52
177,25.1,29.7,1.18,1.18
178,25.27,29.51,1.19,0.86
179,25.32,27.9,1.38,3.81
180,25.1,29.25,1.42,12.61
181,25.5,29.34,1.29,5.87
182,25.56,28.11,1.43,5.16
183,25.16,28.95,1.13,3.19
184,25.93,28.02,0.94,5.22
185,25.53,29.53,1.22,1.29
186,25.27,29.31,1.74,0.01
187,25.16,28.86,1.44,0.36
188,25.24,29.5,1.14,0.21
189,25.51,29.55,1.1,0.48
190,25.26,30.01,1.16,3.05
191,24.74,30.09,1.26,1.09
192,25.73,29.53,1.14,0.57
193,25.58,30.98,0.89,1.97
194,25.63,28.48,1.2,6.02
195,25.78,29.85,0.92,12.42
196,25.51,28.5,1.21,14.5
197,24.88,30.43,0.82,4.3
198,25.62,29.16,1.17,3.3
199,25.11,29.37,1.31,3.25
200,25.63,29.45,1.21,1.96
201,26.06,30.05,0.89,0.55
202,26.06,29.28,1.07,1.05
203,25.78,28.94,1.41,4.25
204,25.41,29.79,1.39,3.11
205,25.61,29.08,1.68,1.36
206,25.45,29.44,1.47,1.95
207,24.95,28.84,1.41,0.86
208,25.14,28.88,1.61,1.91
209,25.09,29.46,1.32,2.22
210,25.15,29.72,1.07,0.76
211,25.15,30.12,1.65,0.07
212,25.02,29.36,1.71,0.01
213,25.58,29.75,1.52,0.71
214,25.27,29.33,1.63,2.09
215,25.12,29.97,1.5,0.92
216,24.96,28.81,1.53,7.06
217,24.75,30.04,1.32,1.59
218,25.08,29.27,1.59,0.49
219,24.85,29.54,1.72,1.59
220,24.77,28.33,1.4,6.81
221,24.73,28.69,1.25,7.74
222,24.89,28.89,1.44,5.21
223,24.92,29.09,1.32,2.98
224,24.77,29.27,1.72,0.68
225,25.03,29.09,1.34,12.65
226,25.13,28.2,0.7,13.53
227,24.62,29.21,0.71,10.12
228,25.3,28.67,0.89,25.2
229,25.19,29.96,0.98,11.38
230,24.96,28.96,1.75,0.22
231,25.04,28.89,1.65,0.18
232,25.48,28.42,1.65,2.77
233,25.59,28.09,1.64,18.51
234,25.34,29.49,1.54,7.6
235,25.36,28.33,1.29,1.3
236,25.3,29.02,1.71,0.15
237,24.83,30.18,1.96,0.0
238,24.94,30.43,1.53,3.91
239,25.0,30.65,1.11,15.02
240,24.71,29.84,1.24,11.19
241,25.05,30.02,0.91,7.68
242,25.27,29.9,1.05,1.31
243,25.46,29.44,0.96,0.85
244,25.82,28.53,0.94,0.48
245,25.87,29.59,0.61,0.06
246,25.81,30.01,0.79,0.05
247,25.96,29.88,0.8,1.33
248,25.39,28.6,1.37,1.05
249,25.12,29.32,1.14,0.64
250,25.04,29.91,1.34,1.04
251,25.44,28.14,1.25,4.5
252,25.3,29.94,1.07,1.42
253,25.49,28.99,1.03,2.64
254,25.24,29.54,1.05,9.97
255,25.45,28.76,1.27,5.32
256,25.17,29.19,1.1,4.1
257,25.64,30.01,0.6,17.57
258,25.64,30.07,0.57,26.32
259,25.15,28.92,0.89,23.45
260,24.87,30.45,1.27,4.73
261,25.14,30.73,1.52,0.04
262,25.63,29.7,1.62,0.07
263,25.45,28.81,1.06,9.33
264,25.55,31.06,0.78,8.86
265,24.83,29.96,1.02,25.2
266,24.53,30.52,0.81,16.42
267,24.61,30.15,1.25,2.04
268,25.07,30.98,1.44,0.55
269,25.07,31.04,1.5,0.1
270,25.2,30.14,1.48,43.5
271,25.19,28.15,1.31,39.37
272,24.87,30.15,0.69,0.89
273,24.52,29.74,1.0,2.18
274,25.09,29.95,1.03,0.84
275,25.62,29.59,1.45,7.52
276,25.49,29.89,0.92,8.31
277,25.66,28.87,0.96,6.82
278,24.67,30.56,1.54,0.06
279,25.21,30.29,1.52,0.56
280,25.44,29.77,1.22,5.77
281,25.66,30.07,1.25,3.3
282,25.47,29.03,1.08,45.5
283,25.15,28.06,1.04,15.75
284,25.12,28.18,1.34,1.61
285,24.82,29.75,0.98,0.67
286,25.67,29.06,0.81,0.06
287,25.58,29.49,1.41,4.16
288,25.75,29.33,1.43,3.74
289,25.24,30.23,1.06,5.74
290,25.19,31.3,0.65,2.55
291,25.64,30.12,0.82,4.45
292,25.02,31.11,1.27,1.54
293,25.28,31.02,1.47,3.36
294,25.21,30.54,1.32,2.42
295,25.73,29.48,1.28,17.59
296,25.38,30.15,0.91,13.47
297,26.05,30.18,0.77,3.67
298,25.53,29.56,1.1,7.88
299,25.1,29.98,1.13,5.39
300,25.48,29.35,1.34,5.11
301,25.61,31.24,1.23,4.62
302,25.7,30.77,1.19,7.68
303,25.51,30.02,0.81,9.45
304,24.92,30.85,1.31,16.99
305,25.43,30.5,0.91,11.29
306,25.4,31.56,0.88,7.82
307,25.45,29.89,1.05,10.14
308,25.12,29.4,0.69,7.35
309,25.34,27.77,0.88,8.92
310,24.65,31.29,0.82,2.8
311,25.3,31.26,0.87,2.21
312,25.31,30.79,1.05,19.23
313,25.84,29.0,1.45,6.58
314,25.74,27.99,1.35,0.64
315,25.18,28.37,0.59,14.09
316,25.17,29.73,0.9,7.14
317,25.3,29.42,0.84,19.57
318,25.09,29.23,1.14,11.88
319,25.7,29.06,1.28,0.51
320,26.18,29.27,0.92,16.45
321,25.16,29.52,1.0,5.37
322,25.11,30.28,1.12,3.0
323,25.25,28.82,1.73,2.75
324,24.79,29.01,1.85,0.94
325,24.84,28.93,1.81,0.32
326,24.93,28.11,1.55,3.68
327,25.35,28.4,1.52,14.78
328,25.11,29.29,1.45,9.97
329,25.18,28.92,1.68,1.71
330,25.16,28.02,1.53,1.75
331,25.24,28.19,1.45,2.4
332,24.96,28.32,1.79,3.0
333,24.95,28.6,1.59,1.37
334,25.25,28.75,1.03,3.34
335,25.03,29.99,0.81,23.38
336,25.01,27.2,0.52,31.94
337,24.89,27.71,0.83,16.3
338,24.92,28.54,1.06,9.31
339,25.31,28.16,0.89,2.15
340,25.08,28.29,0.59,5.78
341,24.95,28.5,0.61,12.65
342,24.83,26.43,0.88,13.49
343,24.55,26.96,1.5,4.61
344,24.67,27.07,1.04,6.07
345,24.91,28.55,0.96,5.58
346,24.56,28.51,1.04,11.21
347,24.83,28.7,0.85,8.88
348,24.78,28.76,1.08,6.45
349,24.67,27.79,1.12,3.29
350,24.06,28.75,1.01,3.22
351,23.93,29.89,1.2,0.89
352,24.27,28.36,1.54,1.08
353,24.14,29.23,0.86,0.92
354,24.27,28.27,1.01,0.58
355,24.16,29.57,1.11,1.0
356,24.15,29.08,1.37,1.19
357,24.28,29.83,1.39,1.24
358,23.92,29.62,1.31,3.87
359,24.32,29.96,1.34,1.45
360,24.62,28.15,1.52,1.25
361,24.52,29.02,1.61,5.2
362,24.07,29.86,1.18,2.54
363,24.65,27.75,1.37,10.58
364,24.43,29.78,1.3,8.75
365,24.53,29.93,1.37,3.76
1,24.37,29.82,1.5,3.18
2,24.18,29.62,1.5,0.65
3,24.14,30.56,1.25,0.07
4,24.19,30.11,1.41,0.87
5,24.23,30.32,1.41,1.08
6,24.55,29.37,1.38,3.98
7,24.1,28.34,1.69,3.71
8,23.23,29.4,1.32,1.02
9,23.4,29.28,1.27,0.32
10,23.23,29.9,1.23,0.18
11,24.09,30.1,1.52,1.07
12,24.32,29.91,1.56,1.0
13,24.36,29.32,1.72,8.2
14,23.96,28.83,1.54,2.0
15,23.97,27.63,1.45,5.49
16,24.11,29.85,1.46,2.26
17,24.07,29.69,1.61,2.83
18,24.13,28.94,1.69,4.52
19,23.09,29.46,1.68,13.52
20,22.77,29.05,1.48,5.22
21,22.96,29.45,1.46,2.71
22,22.73,30.0,1.19,0.05
23,23.37,29.89,0.89,12.3
24,23.97,29.93,0.93,6.32
25,24.19,29.68,0.92,18.18
26,24.11,29.33,1.04,29.21
27,24.18,29.56,1.24,12.98
28,24.06,29.47,1.25,19.35
29,24.28,29.51,1.29,19.12
30,22.76,29.66,1.6,1.22
31,23.29,30.17,1.29,3.57
32,24.4,28.84,1.11,1.52
33,24.71,27.72,1.02,8.1
34,24.41,28.64,1.0,22.77
35,24.69,27.77,1.01,14.3
36,24.14,27.79,0.94,4.15
37,24.38,29.73,0.69,0.45
38,24.81,29.89,1.24,0.21
39,25.11,29.59,1.24,2.58
40,22.6,26.81,1.25,3.18
41,22.56,29.65,0.92,4.15
42,24.67,28.27,1.53,20.66
43,23.94,29.97,1.29,0.7
44,22.97,30.19,1.15,0.01
45,23.16,30.54,1.08,0.0
46,24.46,30.0,1.16,0.32
47,24.78,28.61,1.12,1.69
48,24.5,29.38,1.18,3.94
49,23.83,29.98,1.33,10.83
50,23.29,29.95,1.54,8.33
51,23.74,30.18,1.14,3.83
52,24.1,30.28,1.26,13.82
53,24.03,29.65,1.09,15.25
54,24.45,28.85,1.03,13.59
55,24.61,30.26,1.06,9.08
56,24.76,30.09,1.54,5.57
57,24.51,30.48,1.47,8.61
58,24.18,30.87,1.31,2.43
59,24.56,31.09,1.41,0.58
60,24.71,30.87,1.44,13.11
61,24.38,31.19,1.43,5.69
62,24.75,31.13,1.26,0.91
63,24.46,31.6,1.1,0.13
64,24.91,31.22,1.17,6.98
65,24.99,30.44,1.66,3.18
66,24.7,30.35,1.33,11.38
67,24.71,29.53,1.29,6.04
68,24.78,29.18,1.46,22.49
69,24.75,29.35,1.78,15.26
70,24.54,29.45,1.83,8.13
71,24.35,28.96,1.54,12.14
72,24.52,30.04,1.46,12.86
73,24.59,31.06,1.18,5.6
74,24.72,31.39,1.24,14.14
75,25.15,31.2,0.93,5.37
76,25.7,31.11,0.89,1.89
77,24.89,31.94,0.87,0.54
78,25.3,31.49,0.79,4.42
79,25.63,30.76,0.89,2.03
80,25.82,30.67,1.05,3.41
81,25.17,30.99,1.08,17.09
82,25.27,31.47,1.06,3.19
83,25.41,30.65,0.91,6.66
84,25.57,28.68,1.21,7.95
85,25.61,29.15,1.36,4.8
86,24.31,29.84,1.32,50.28
87,25.52,29.69,1.46,15.75
88,25.17,30.72,1.32,0.26
89,25.73,29.29,1.58,0.11
90,25.57,30.2,1.07,0.07
91,26.35,30.79,0.99,0.44
92,26.36,30.19,1.23,1.16
93,26.44,29.31,1.11,0.97
94,25.75,31.05,0.54,0.67
95,25.16,30.16,0.96,2.68
96,26.19,30.3,0.88,38.37
97,25.32,28.62,1.26,15.26
98,25.64,30.36,0.84,2.55
99,25.86,29.06,1.13,0.43
100,25.1,31.56,0.83,2.59
101,25.6,29.43,1.26,15.19
102,25.26,29.91,1.37,13.87
103,25.73,29.09,1.56,12.06
104,25.46,30.42,1.09,17.89
105,25.24,30.76,1.06,14.55
106,24.51,30.89,0.97,1.94
107,24.74,31.28,1.05,0.6
108,24.81,31.17,1.45,1.02
109,25.05,30.54,1.35,1.27
110,25.8,30.62,1.0,22.56
111,25.88,30.04,0.96,27.28
112,25.66,30.59,1.32,19.28
113,25.69,31.12,1.39,4.67
114,26.36,29.69,1.3,0.2
115,25.98,29.88,1.43,3.13
116,25.92,30.54,1.41,1.44
117,25.71,30.26,1.19,19.03
118,25.52,30.31,1.18,27.61
119,26.18,31.54,0.67,5.26
120,26.31,30.96,0.96,14.85
121,26.2,32.36,0.71,6.06
122,26.1,29.43,1.01,5.12
123,25.84,29.85,1.17,4.7
124,26.15,29.78,1.25,9.22
125,25.28,27.47,1.19,4.18
126,26.09,30.99,0.8,0.76
127,26.88,31.69,0.66,0.88
128,26.12,30.94,1.0,0.53
129,26.25,30.28,1.57,0.47
130,26.46,30.92,1.43,2.62
131,26.17,33.3,0.72,12.17
132,26.08,27.79,0.98,14.52
133,25.59,32.09,0.74,10.06
134,26.03,29.68,1.19,13.49
135,26.22,30.92,0.97,22.47
136,26.55,31.68,0.89,10.7
137,26.63,29.87,1.28,5.46
138,26.05,30.06,1.21,2.34
139,26.01,30.72,0.99,17.42
140,26.11,29.22,0.7,8.74
141,25.6,29.08,1.34,0.57
142,25.77,28.71,1.32,0.36
143,26.33,29.86,1.28,0.03
144,26.73,30.03,0.99,0.01
145,26.59,30.16,1.22,0.3
146,26.74,29.46,1.08,0.29
147,26.31,29.88,1.33,0.02
148,26.6,29.3,1.46,5.43
149,26.46,29.92,1.09,9.49
150,26.02,30.08,1.41,10.7
151,26.79,30.1,0.94,4.28
152,26.16,29.12,1.36,1.29
153,25.91,29.18,1.24,11.17
154,25.57,28.87,1.31,9.23
155,25.64,28.73,1.37,1.24
156,25.51,29.49,1.12,8.25
157,26.31,30.24,0.79,7.54
158,25.95,29.27,1.12,4.74
159,25.71,27.61,1.3,1.82
160,25.29,28.83,1.25,0.01
161,25.94,30.72,1.18,1.95
162,26.02,31.51,0.81,11.34
163,25.96,31.36,0.87,30.45
164,26.01,31.87,1.02,7.69
165,25.78,28.06,1.12,1.07
166,25.62,28.77,1.27,10.21
167,25.44,29.68,1.23,1.21
168,25.82,29.88,1.46,0.59
169,25.8,28.41,1.33,1.97
170,25.56,28.21,1.26,4.81
171,26.34,30.88,0.83,5.31
172,25.79,29.49,1.65,0.35
173,25.64,29.04,1.5,5.74
174,25.84,28.29,1.17,36.1
175,25.75,30.23,0.6,12.0
176,25.35,28.76,1.53,12.0
177,25.44,29.37,1.57,7.72
178,25.56,29.85,1.37,2.13
179,25.87,29.66,1.13,1.41
180,25.81,29.09,1.09,18.57
181,25.28,29.01,1.08,6.14
182,25.58,28.33,1.03,4.75
183,25.13,28.35,1.66,2.19
184,24.92,28.12,1.45,9.97
185,24.56,29.15,1.27,3.74
186,24.84,30.17,1.04,5.77
187,24.93,28.85,1.43,17.52
188,24.88,28.13,1.61,10.42
189,24.66,28.59,1.22,3.24
190,24.97,28.76,1.03,1.17
191,25.14,28.15,1.24,1.52
192,25.22,28.56,1.09,0.86
193,25.66,28.68,0.89,6.6
194,25.03,28.31,1.18,5.77
195,25.11,27.99,1.53,21.08
196,25.0,28.48,1.56,17.13
197,25.2,29.27,1.8,2.44
198,24.77,29.55,1.55,0.07
199,25.49,28.85,1.43,0.25
200,25.44,28.85,1.27,1.18
201,26.12,29.15,1.22,0.32
202,25.62,28.61,1.71,1.36
203,25.54,28.85,1.85,0.67
204,25.54,29.34,1.73,0.0
205,25.6,29.38,0.99,1.45
206,25.31,29.61,1.13,10.7
207,24.81,28.3,1.23,6.13
208,25.01,29.0,1.19,4.0
209,25.17,28.44,1.26,1.81
210,25.03,28.44,1.35,0.2
211,25.38,28.3,1.24,2.59
212,25.05,29.06,1.26,0.71
213,25.4,28.57,1.68,0.47
214,25.09,29.51,1.47,0.18
215,25.25,28.03,1.53,2.53
216,25.25,28.26,1.48,1.84
217,25.06,29.22,1.52,1.19
218,25.21,29.4,1.23,13.57
219,25.42,30.48,1.03,22.34
220,25.91,30.19,0.71,1.06
221,25.28,29.82,1.21,0.15
222,25.81,27.97,1.31,4.27
223,25.6,29.11,1.45,2.27
224,25.49,29.17,1.47,4.46
225,25.01,28.43,1.62,5.01
226,24.73,28.45,1.42,2.68
227,25.03,28.74,1.15,1.88
228,25.27,29.82,0.87,0.83
229,24.93,29.28,1.44,0.22
230,25.22,29.2,1.3,9.52
231,25.22,29.85,1.29,5.45
232,25.03,28.05,1.01,2.3
233,24.4,29.34,1.25,2.68
234,25.09,29.68,1.01,2.25
235,25.2,29.11,1.29,2.49
236,24.95,29.66,0.76,3.51
237,24.56,30.26,0.71,0.39
238,24.49,30.5,0.89,2.29
239,24.89,29.96,0.67,5.06
240,25.11,29.63,0.77,8.78
241,24.86,29.38,1.62,6.58
242,24.62,29.23,1.64,14.53
243,24.75,29.09,1.66,14.85
244,24.77,29.53,1.73,4.23
245,24.51,30.31,1.33,14.05
246,24.82,29.54,1.3,41.43
247,24.63,31.33,0.93,30.57
248,24.76,28.5,0.93,9.17
249,25.16,31.18,0.86,1.97
250,25.08,29.52,1.65,9.29
251,25.41,28.97,0.97,7.85
252,25.18,29.29,0.98,1.45
253,25.08,28.84,1.56,1.71
254,24.8,28.96,1.38,15.34
255,25.0,29.48,1.23,8.38
256,24.9,28.04,1.23,5.76
257,24.96,28.02,1.04,2.14
258,25.13,30.06,1.2,0.4
259,25.35,30.61,1.3,1.41
260,25.23,29.73,1.23,6.38
261,25.39,29.6,1.45,10.89
262,25.25,29.23,1.04,5.61
263,25.35,28.03,1.07,19.43
264,24.98,29.89,1.21,4.79
265,25.32,28.16,0.72,4.23
266,25.51,28.99,1.19,7.7
267,25.04,28.89,1.39,12.21
268,24.81,28.81,1.09,5.95
269,25.23,29.97,1.63,0.18
270,25.59,28.88,1.54,8.33
271,25.18,29.23,0.9,3.76
272,25.32,27.38,1.14,24.62
273,24.88,29.76,0.84,13.56
274,25.01,28.9,0.85,14.55
275,24.98,30.15,1.23,10.24
276,25.81,28.22,1.14,8.17
277,25.14,29.23,1.07,4.74
278,24.83,28.33,1.56,0.2
279,24.74,27.57,1.15,0.96
280,25.92,29.98,0.6,0.23
281,25.47,28.82,1.35,0.28
282,25.25,29.03,1.63,0.27
283,25.08,29.42,1.66,1.97
284,25.44,29.85,1.64,2.46
285,25.36,29.36,1.5,0.43
286,25.36,28.68,1.5,0.34
287,25.4,29.29,1.36,0.59
288,25.35,28.86,1.29,2.82
289,25.49,28.5,1.05,2.17
290,25.01,28.3,1.15,1.24
291,24.89,27.9,1.39,6.0
292,24.74,28.6,1.51,4.52
293,24.37,28.62,1.59,1.95
294,24.62,29.11,1.41,1.89
295,25.26,27.67,1.69,1.22
296,25.05,28.93,1.66,3.54
297,24.81,27.81,1.63,3.4
298,24.32,28.7,1.47,3.95
299,24.81,29.55,1.55,3.54
300,25.19,28.58,1.55,0.35
301,24.94,27.15,1.16,3.39
302,24.75,27.93,1.09,10.15
303,24.86,29.39,1.1,11.06
304,24.78,28.76,1.13,7.92
305,24.66,28.67,1.27,6.68
306,25.19,28.65,1.08,3.52
307,24.84,29.41,0.98,7.43
308,25.12,29.54,1.46,3.16
309,25.41,27.69,2.04,16.97
310,24.73,27.44,1.32,19.13
311,24.65,28.87,0.75,6.74
312,25.06,29.19,1.1,18.22
313,25.36,28.8,1.03,9.01
314,25.48,27.72,1.24,10.5
315,25.1,29.63,0.99,10.87
316,25.1,27.43,1.44,18.2
317,24.87,29.54,0.96,9.42
318,24.64,29.46,1.05,2.77
319,25.26,29.38,1.1,13.17
320,25.28,27.58,0.89,11.73
321,24.8,30.2,0.83,11.16
322,25.05,29.03,1.02,16.68
323,25.15,28.45,0.98,17.05
324,25.3,28.08,1.03,33.63
325,24.6,26.41,1.61,45.13
326,24.14,27.08,1.36,4.61
327,24.63,27.94,1.58,9.66
328,24.49,28.22,1.09,3.67
329,24.57,28.29,1.08,0.91
330,25.06,28.0,1.07,0.63
331,24.38,28.69,0.85,3.13
332,24.5,28.87,0.92,0.81
333,24.48,28.03,1.45,0.99
334,24.24,27.86,1.54,9.95
335,23.53,27.16,1.58,6.65
336,24.0,27.37,1.6,4.26
337,24.62,27.82,1.99,0.8
338,24.65,27.54,1.28,2.5
339,24.15,27.59,1.2,6.08
340,24.3,28.57,1.4,5.18
341,24.22,28.21,1.56,5.6
342,23.85,29.27,1.49,0.93
343,22.9,26.15,1.09,3.44
344,23.77,27.14,1.13,3.6
345,23.29,27.11,1.18,2.79
346,23.04,28.64,1.61,1.35
347,22.54,27.49,1.62,0.26
348,22.75,28.5,1.7,0.19
349,22.58,28.45,1.72,0.6
350,22.53,27.3,1.67,6.96
351,22.3,25.27,1.45,2.44
352,22.68,26.17,1.94,0.66
353,22.61,28.61,1.75,0.17
354,22.29,29.07,1.52,0.27
355,22.99,28.75,1.48,0.09
356,23.6,28.36,1.53,0.59
357,23.48,29.42,1.25,0.33
358,23.23,29.51,1.15,1.49
359,23.48,29.15,1.05,2.39
360,23.6,27.12,1.43,11.69
361,23.14,29.72,1.05,13.61
362,23.29,28.34,1.69,5.19
363,22.38,28.7,1.23,0.99
364,23.01,29.42,1.27,1.64
365,23.2,29.3,1.37,0.51
1,22.76,29.64,1.19,0.03
2,22.96,29.89,1.22,2.92
3,23.85,28.92,1.5,11.35
4,23.54,28.87,1.46,1.89
5,23.58,29.6,1.23,0.62
6,23.38,29.56,1.13,5.76
7,23.64,29.61,1.31,5.18
8,23.59,29.97,1.1,1.36
9,23.88,29.92,1.2,0.89
10,23.24,30.17,1.19,1.41
11,23.44,30.34,0.96,0.25
12,24.08,28.91,1.1,1.06
13,23.93,28.75,1.31,7.54
14,23.74,28.58,1.27,11.05
15,23.62,29.2,1.24,8.95
16,23.65,28.62,1.59,6.38
17,23.96,28.89,1.63,1.34
18,23.7,29.06,1.61,6.12
19,23.86,29.4,1.56,11.25
20,23.62,29.73,1.53,5.03
21,22.93,29.72,1.17,4.99
22,23.87,29.67,1.25,4.89
23,23.64,30.23,1.04,3.68
24,24.49,28.98,0.91,18.73
25,24.52,28.8,1.21,6.99
26,23.87,30.29,1.11,3.01
27,23.87,30.03,0.93,0.24
28,24.14,29.67,1.33,2.7
29,23.35,29.8,1.38,1.34
30,23.2,29.72,1.63,0.04
31,23.13,29.69,1.56,0.25
32,22.7,29.75,1.47,0.24
33,22.91,30.29,1.18,0.06
34,23.43,27.34,1.43,0.02
35,23.53,29.23,1.17,0.21
36,23.39,29.44,1.4,0.07
37,22.87,29.24,1.29,0.0
38,22.2,29.3,1.28,0.02
39,22.45,29.59,1.32,0.05
40,22.36,29.87,1.44,0.66
41,22.91,29.67,1.15,1.28
42,23.31,29.86,0.97,2.22
43,23.13,29.83,1.56,1.43
44,21.87,29.36,1.87,0.39
45,22.42,29.79,1.77,0.02
46,22.28,28.83,1.69,0.08
47,21.21,29.41,1.52,0.18
48,21.95,29.76,1.24,0.0
49,22.62,30.49,1.41,0.01
50,23.45,30.36,1.15,9.32
51,23.82,29.25,0.92,14.35
52,23.72,29.08,1.21,6.75
53,23.55,30.17,1.14,4.06
54,22.95,30.25,1.21,0.2
55,23.7,28.86,1.27,7.49
56,23.31,28.41,1.07,8.18
57,23.7,27.21,1.13,15.36
58,23.97,27.89,1.04,11.46
59,23.31,29.34,1.34,6.84
60,23.65,29.27,1.12,7.13
61,24.09,30.23,1.3,6.29
62,23.68,30.75,1.11,2.82
63,23.93,30.58,0.93,14.17
64,23.82,30.56,0.59,4.82
65,25.38,29.77,0.55,1.59
66,24.82,29.42,0.61,19.5
67,24.1,29.96,0.81,10.77
68,24.27,29.05,1.55,5.5
69,23.49,29.07,1.56,5.52
70,23.7,30.01,1.75,2.7
71,23.09,29.49,1.93,0.21
72,22.87,29.88,1.51,0.09
73,22.48,30.19,1.14,0.43
74,23.52,29.84,0.62,1.67
75,24.25,27.57,0.65,2.26
76,24.74,29.6,0.71,1.09
77,24.88,28.81,1.15,0.15
78,24.57,29.05,1.46,0.09
79,24.74,27.88,1.43,0.2
80,24.82,27.57,1.6,5.09
81,24.65,29.4,1.1,7.23
82,24.78,28.23,1.41,2.27
83,24.47,30.37,0.93,19.16
84,24.6,30.16,0.92,11.09
85,23.98,30.05,0.49,4.1
86,24.76,29.38,0.65,10.0
87,24.27,29.9,1.18,3.96
88,24.56,29.76,1.15,0.66
89,24.42,29.81,0.85,2.6
90,24.49,28.55,1.16,19.91
91,24.4,28.75,1.16,10.39
92,23.94,29.95,0.97,5.41
93,24.08,30.49,0.61,5.35
94,24.9,29.34,0.77,11.69
95,24.75,29.41,0.95,10.08
96,24.97,28.7,0.79,0.7
97,25.35,29.88,0.8,0.13
98,25.56,28.78,0.73,0.29
99,25.53,27.7,0.84,0.16
100,24.95,29.78,1.34,0.58
101,24.92,30.36,0.97,0.36
102,25.21,29.38,1.54,39.42
103,24.42,28.14,1.52,14.18
104,24.43,29.3,1.19,17.67
105,24.59,26.02,1.22,7.9
106,24.99,29.76,0.82,0.57
107,25.06,29.6,1.41,7.38
108,24.97,29.66,1.24,5.97
109,24.75,30.51,1.03,1.65
110,25.73,30.13,1.23,15.67
111,25.28,29.79,1.07,3.29
112,25.41,30.6,1.32,0.57
113,25.22,30.06,1.81,0.68
114,25.82,29.08,1.55,0.31
115,25.56,29.12,1.19,3.25
116,25.5,30.11,1.45,4.67
117,25.7,29.79,1.15,1.4
118,25.7,28.36,1.02,13.13
119,25.05,29.42,1.57,3.02
120,25.92,29.64,1.26,1.07
121,25.78,30.09,0.99,0.97
122,26.08,29.83,0.82,3.15
123,25.27,28.38,1.14,0.59
124,25.03,29.18,1.3,4.9
125,25.25,29.39,0.92,7.03
126,25.32,29.93,0.96,2.84
127,25.65,29.11,1.01,1.23
128,25.34,29.75,1.21,2.15
129,25.75,30.23,0.78,0.36
130,25.77,29.84,0.61,0.2
131,25.51,30.3,0.79,2.18
132,25.43,30.63,1.1,0.9
133,25.89,29.91,0.97,3.92
134,25.6,32.82,0.64,14.04
135,25.36,30.71,1.0,6.48
136,25.77,29.77,0.63,1.5
137,26.19,30.07,1.02,7.25
138,25.67,29.08,1.23,5.75
139,24.75,29.91,0.82,3.09
140,25.15,29.34,1.14,0.86
141,25.46,29.11,0.96,4.04
142,25.45,30.13,0.86,9.66
143,25.64,29.46,0.87,2.97
144,25.7,28.79,1.02,0.72
145,25.55,29.6,1.2,5.86
146,25.55,29.34,1.19,27.58
147,25.8,29.2,1.09,5.1
148,25.75,28.63,1.25,0.46
149,25.64,29.76,0.79,0.35
150,25.94,29.93,1.04,0.2
151,25.81,29.34,1.23,0.25
152,25.74,28.1,0.97,4.11
153,25.7,31.52,0.66,2.23
154,25.94,31.64,0.85,39.8
155,25.65,28.6,1.04,18.1
156,25.48,29.38,1.1,9.49
157,25.19,27.17,1.38,33.85
158,24.94,31.03,0.83,8.71
159,25.95,30.5,0.72,0.21
160,25.89,31.29,0.88,0.1
161,26.01,29.52,1.11,2.36
162,25.65,28.63,1.3,1.43
163,25.72,29.56,1.16,0.29
164,25.45,30.07,1.0,0.0
165,25.65,30.59,0.76,0.06
166,26.16,30.39,0.97,0.09
167,25.85,29.89,1.34,0.8
168,25.49,28.52,1.32,0.49
169,25.44,29.97,1.48,0.02
170,25.6,30.17,1.41,0.04
171,26.38,30.5,0.81,0.58
172,25.11,28.13,1.14,1.38
173,24.52,29.22,1.29,0.17
174,26.4,29.71,0.77,2.35
175,26.09,29.51,0.98,1.1
176,25.34,27.99,1.67,2.23
177,24.52,29.22,1.47,0.33
178,25.35,28.09,1.3,28.83
179,25.04,28.71,1.06,6.59
180,25.5,28.78,1.25,0.82
181,25.3,28.4,1.28,1.32
182,25.43,30.11,0.77,1.38
183,25.76,29.26,0.79,16.99
184,26.13,29.4,0.79,7.26
185,25.49,28.87,1.0,0.5
186,25.49,28.77,0.72,0.37
187,25.21,29.24,0.92,1.99
188,24.88,27.93,1.29,6.47
189,25.13,27.13,1.41,9.85
190,24.57,28.84,1.43,9.25
191,25.06,29.36,1.32,5.66
192,24.81,28.49,1.58,14.45
193,24.24,28.82,1.14,9.55
194,24.83,28.66,1.3,11.0
195,24.9,28.81,1.23,16.67
196,25.18,30.55,1.31,5.16
197,25.26,31.08,0.84,2.24
198,24.9,28.55,1.35,15.33
199,24.95,28.21,1.05,7.23
200,24.92,28.74,1.23,0.02
201,25.34,28.35,1.39,2.44
202,24.88,29.04,1.52,1.66
203,25.09,29.58,1.37,0.0
204,25.24,29.69,1.3,0.0
205,25.75,29.25,1.16,0.0
206,26.17,30.1,1.06,2.78
207,25.63,30.37,1.45,3.18
208,25.41,30.54,1.46,0.09
209,24.95,30.1,1.63,1.17
210,25.52,28.94,1.67,1.03
211,25.61,29.15,1.07,0.14
212,25.71,28.9,0.87,4.5
213,25.07,29.34,1.2,3.68
214,24.8,27.75,1.39,0.83
215,24.88,28.48,1.26,0.41
216,24.99,26.36,1.62,0.45
217,24.71,28.5,1.61,0.08
218,24.88,27.82,1.38,0.2
219,24.67,27.92,1.45,2.12
220,24.67,27.46,1.12,1.32
221,25.45,29.84,0.84,0.75
222,25.44,28.19,1.12,0.73
223,25.06,28.27,1.1,0.22
224,24.62,29.02,1.13,1.25
225,24.98,28.02,1.53,0.67
226,24.68,30.33,1.32,0.05
227,25.12,28.09,1.71,1.15
228,24.91,28.21,1.61,3.18
229,24.4,28.7,1.25,0.18
230,25.0,27.84,1.43,4.04
231,24.4,28.27,1.61,2.17
232,24.43,29.73,1.25,2.99
233,25.21,28.79,1.34,6.64
234,25.21,29.81,1.09,1.44
235,26.04,29.38,1.19,2.33
236,25.53,30.06,0.95,5.4
237,25.78,29.44,0.84,1.36
238,25.79,29.9,0.95,0.87
239,25.58,27.03,1.16,5.11
240,25.51,28.95,0.8,7.97
241,25.29,28.86,1.31,15.0
242,25.16,27.95,1.49,7.96
243,24.81,28.61,1.66,0.76
244,24.77,29.46,1.1,5.43
245,24.73,29.95,0.79,3.37
246,25.3,28.42,1.07,24.98
247,24.75,28.72,1.16,8.76
248,24.92,27.68,1.32,13.5
249,24.49,29.68,1.59,2.36
250,24.68,29.15,1.43,0.72
251,24.32,28.8,1.69,1.07
252,24.85,29.51,1.39,1.49
253,25.24,29.15,1.21,8.86
254,25.76,29.41,0.78,7.64
255,25.26,28.55,1.18,0.64
256,25.07,29.8,1.16,0.92
257,25.53,29.7,0.81,1.15
258,25.64,29.3,1.02,7.85
259,24.94,28.36,1.17,0.79
260,24.59,30.55,0.61,1.22
261,25.64,29.49,0.99,2.01
262,25.44,29.19,1.31,1.82
263,25.41,29.98,1.56,16.16
264,25.06,29.8,1.5,5.93
265,24.91,29.88,1.67,1.19
266,24.54,30.74,1.49,3.1
267,24.71,30.14,1.41,20.57
268,24.82,29.95,1.31,13.86
269,24.3,29.67,0.66,5.99
270,24.09,30.44,0.79,6.53
271,24.12,30.83,0.93,3.51
272,25.15,30.93,0.67,5.17
273,24.35,29.57,0.96,2.5
274,25.13,28.93,0.97,0.91
275,25.35,30.39,1.01,1.14
276,24.89,29.1,1.16,6.51
277,24.85,27.98,1.23,5.88
278,24.77,29.02,1.36,3.41
279,24.92,28.13,1.3,13.19
280,24.91,29.42,1.13,8.57
281,25.17,29.95,0.53,15.52
282,25.12,30.41,0.61,2.21
283,25.43,29.95,0.61,0.32
284,25.17,29.97,0.78,1.82
285,25.73,30.11,0.66,1.84
286,24.93,27.6,1.0,2.4
287,24.57,28.43,1.22,1.03
288,25.06,29.07,1.33,26.23
289,24.75,29.87,0.86,11.49
290,25.09,28.41,1.27,7.43
291,24.62,30.28,1.03,18.23
292,24.77,29.79,0.83,5.95
293,24.62,29.54,1.14,19.36
294,24.85,29.65,0.8,15.48
295,25.24,28.85,0.61,6.05
296,25.46,29.9,0.49,3.31
297,24.52,29.03,0.78,1.87
298,24.91,28.67,1.04,4.86
299,24.66,28.8,1.19,13.61
300,24.28,30.4,1.0,13.74
301,25.03,27.27,1.19,3.2
302,24.5,28.83,1.71,6.58
303,24.27,27.84,1.78,5.27
304,24.38,28.74,1.63,3.3
305,24.42,28.47,1.55,0.75
306,24.81,28.46,1.37,1.71
307,25.06,28.3,1.62,15.13
308,25.03,28.16,1.55,7.89
309,24.84,29.27,1.34,4.2
310,24.95,29.13,1.21,6.25
311,25.47,28.35,1.0,3.69
312,24.61,30.6,0.77,5.43
313,24.54,29.83,0.78,8.55
314,24.7,29.77,0.6,22.64
315,24.23,30.03,0.74,14.2
316,24.13,30.27,1.33,6.0
317,24.09,30.72,1.02,2.92
318,24.14,30.72,0.98,0.98
319,24.6,30.29,0.71,8.25
320,24.43,30.04,1.05,10.07
321,24.69,29.37,1.04,14.14
322,24.53,28.93,1.38,7.68
323,24.54,29.5,1.11,4.84
324,25.01,27.8,1.53,3.79
325,24.6,27.2,1.62,0.2
326,24.52,29.14,1.6,0.08
327,24.63,28.67,1.25,0.58
328,24.16,29.6,1.08,4.03
329,24.08,30.21,1.17,3.62
330,24.13,28.59,1.0,2.23
331,24.25,28.39,1.17,13.71
332,24.14,27.32,1.09,15.96
333,23.98,29.94,0.95,18.26
334,24.3,29.34,1.44,6.52
335,24.49,28.75,1.63,1.5
336,24.0,28.63,1.5,14.25
337,24.28,27.02,1.68,7.84
338,24.08,27.73,1.79,2.1
339,23.98,28.66,1.58,1.59
340,23.43,29.05,1.7,0.22
341,23.34,29.24,1.57,0.01
342,23.26,29.07,1.31,13.39
343,23.46,28.97,1.25,7.76
344,23.6,27.89,1.58,8.78
345,23.09,29.2,1.4,6.39
346,23.22,29.3,1.52,0.46
347,23.28,29.53,1.49,0.29
348,23.35,29.25,1.47,0.11
349,23.22,29.24,1.94,0.01
350,22.72,28.66,1.87,0.22
351,22.88,28.37,1.83,0.06
352,22.6,29.49,1.62,0.0
353,22.81,29.68,1.56,0.11
354,23.46,29.52,1.52,0.57
355,23.59,29.73,1.48,0.85
356,23.29,29.88,1.42,0.32
357,23.14,29.83,1.12,0.05
358,23.88,30.4,1.28,0.0
359,24.13,30.34,1.06,2.43
360,24.12,29.93,0.95,3.09
361,24.17,30.29,1.23,9.79
362,24.01,29.49,1.28,4.48
363,23.64,28.7,1.23,7.54
364,23.89,29.25,1.43,16.52
365,23.69,29.62,1.47,8.02
1,24.03,27.91,1.26,14.29
2,23.69,27.36,1.14,23.87
3,23.7,29.39,1.01,3.24
4,23.88,29.95,1.55,0.0
5,22.69,28.98,1.66,0.0
6,22.24,29.56,1.54,0.0
7,22.72,28.68,1.56,0.94
8,23.19,28.56,1.43,0.19
9,22.85,28.78,1.26,0.11
10,23.94,26.89,1.2,2.6
11,23.31,27.9,1.38,0.47
12,24.18,27.78,1.16,0.89
13,24.18,27.97,1.08,7.93
14,23.83,28.8,0.95,7.07
15,23.94,28.71,1.27,3.43
16,23.75,28.89,1.21,7.52
17,24.19,28.51,1.04,4.31
18,24.1,26.22,1.07,4.02
19,23.23,26.15,0.95,3.81
20,23.7,29.03,0.96,1.92
21,23.13,29.62,1.09,0.1
22,22.67,29.77,1.11,0.03
23,23.58,29.29,0.97,0.0
24,23.98,28.85,1.06,0.33
25,23.95,28.79,1.33,0.62
26,23.14,29.49,1.38,0.18
27,22.65,29.35,1.01,0.09
28,23.19,28.98,1.15,2.25
29,22.62,28.08,1.21,5.87
30,23.22,29.49,1.31,3.57
31,23.29,30.4,1.28,0.01
32,23.19,30.36,1.19,0.01
33,23.21,30.55,1.23,0.05
34,23.08,29.92,1.26,0.04
35,23.05,30.44,1.19,0.65
36,23.65,29.84,1.24,4.67
37,23.96,29.47,1.23,9.29
38,23.81,30.08,1.46,1.88
39,23.95,29.8,1.77,5.78
40,24.19,29.55,1.66,1.25
41,24.02,30.13,1.56,0.15
42,23.59,30.42,1.51,1.42
43,23.96,30.36,1.52,5.74
44,23.71,30.09,1.43,0.86
45,23.52,30.32,1.37,0.43
46,23.45,30.53,1.17,0.12
47,23.92,30.45,1.36,0.1
48,23.08,31.14,1.08,0.01
49,23.94,29.54,1.06,9.92
50,23.95,31.31,0.96,7.49
51,24.22,31.16,1.32,0.92
52,24.39,31.36,1.34,2.35
53,24.12,31.32,1.0,0.85
54,24.29,31.37,1.21,0.64
55,23.99,31.53,1.14,1.15
56,24.26,31.64,1.1,0.87
57,24.45,31.43,1.12,4.51
58,23.85,31.48,1.11,1.66
59,23.93,31.38,1.12,1.14
60,23.3,31.45,1.17,0.56
61,22.6,31.4,1.01,0.07
62,22.43,31.95,1.03,0.0
63,23.16,31.68,1.05,0.0
64,23.23,31.26,1.12,0.14
65,22.99,31.15,1.32,0.08
66,23.23,31.51,1.07,0.03
67,23.43,32.26,1.04,0.13
68,24.38,29.43,0.59,1.28
69,23.95,31.05,0.89,7.15
70,24.88,28.38,1.03,10.55
71,24.31,30.67,1.01,2.09
72,24.29,30.14,0.9,0.61
73,24.62,31.04,0.7,0.44
74,24.55,31.22,1.01,0.23
75,24.2,32.48,1.08,0.04
76,24.78,32.29,1.04,0.02
77,24.78,31.71,1.45,0.22
78,24.27,31.63,1.18,0.58
79,24.76,32.29,1.19,0.53
80,24.26,32.42,1.36,1.38
81,23.77,32.82,1.14,0.86
82,24.21,32.99,1.06,0.04
83,24.89,31.59,0.98,0.04
84,25.03,32.19,0.95,0.95
85,25.0,31.81,0.79,14.2
86,25.34,31.73,0.94,5.95
87,25.67,31.97,1.08,0.06
88,25.71,31.81,0.91,0.01
89,24.46,33.01,1.15,0.0
90,24.65,32.89,0.86,1.01
91,25.49,31.42,0.75,11.03
92,25.46,32.2,0.6,4.8
93,25.23,31.91,0.66,1.39
94,25.55,30.98,0.71,3.46
95,25.36,32.52,0.99,4.99
96,25.46,32.28,1.14,3.35
97,25.2,30.46,1.08,1.81
98,24.75,30.88,1.05,4.0
99,25.05,29.83,0.81,41.01
100,24.29,31.18,0.84,10.48
101,24.82,31.41,1.11,6.85
102,25.33,31.28,0.93,3.54
103,26.15,29.89,0.73,5.28
104,25.82,33.11,0.94,17.63
105,26.14,29.72,1.32,3.35
106,25.7,29.26,1.51,21.07
107,25.84,29.46,1.25,6.63
108,26.59,30.47,0.9,0.44
109,26.4,29.89,1.14,2.11
110,26.12,29.13,1.36,4.17
111,26.11,31.11,0.91,3.1
112,26.45,30.44,1.15,5.42
113,25.65,29.59,1.26,1.09
114,25.48,29.6,1.29,0.12
115,26.11,29.98,1.21,0.0
116,26.51,30.86,1.12,0.02
117,25.51,32.2,0.81,0.02
118,25.99,29.94,0.91,25.97
119,25.2,31.53,0.75,8.94
120,25.48,29.86,1.17,17.71
121,25.42,30.93,1.23,11.45
122,25.14,32.63,0.78,7.66
123,25.7,31.63,0.66,4.78
124,25.35,31.46,0.99,13.08
125,25.55,29.29,1.16,13.3
126,25.36,28.88,1.42,13.0
127,25.16,29.33,0.97,5.05
128,25.53,30.36,1.21,3.26
129,25.57,33.15,1.15,9.74
130,25.68,29.46,1.2,2.76
131,26.15,31.01,0.9,1.14
132,26.01,30.73,1.24,9.0
133,25.95,31.3,0.99,3.69
134,26.46,29.75,0.7,7.42
135,26.6,30.05,0.69,2.78
136,25.81,29.42,1.17,0.95
137,26.08,30.62,1.1,2.75
138,25.85,29.93,1.8,1.86
139,25.66,30.12,1.35,1.02
140,25.91,31.15,0.96,0.2
141,26.17,29.7,1.45,0.12
142,25.27,29.96,1.67,0.16
143,25.85,30.21,1.22,0.03
144,26.93,31.4,1.14,1.98
145,26.75,30.02,1.3,1.17
146,27.04,30.0,0.94,0.14
147,27.0,30.28,0.87,0.54
148,26.42,29.64,1.17,0.29
149,25.67,31.36,1.19,0.01
150,26.21,29.82,1.02,6.99
151,26.71,28.74,1.18,14.75
152,26.36,29.48,1.18,7.03
153,26.49,29.48,1.1,12.43
154,25.81,28.21,1.44,6.67
155,25.59,30.36,1.42,0.46
156,26.41,30.41,1.33,0.38
157,26.5,30.33,1.23,0.42
158,25.94,29.97,1.23,2.11
159,25.66,30.52,1.09,1.03
160,26.23,30.76,0.78,15.12
161,25.58,27.96,1.31,19.3
162,25.09,29.79,1.39,0.3
163,25.56,28.96,1.41,0.13
164,25.72,29.23,1.66,0.14
165,25.82,28.78,1.3,2.19
166,25.6,27.83,1.31,1.71
167,25.99,29.75,1.17,4.81
168,25.54,29.7,1.34,6.65
169,25.68,29.97,1.14,4.43
170,25.78,29.05,1.3,1.38
171,25.28,29.1,1.12,1.05
172,25.58,26.67,1.34,6.39
173,25.47,30.92,0.88,1.98
174,25.79,28.57,1.17,1.45
175,25.36,27.62,1.01,0.72
176,25.47,29.79,1.17,0.7
177,25.78,29.93,1.17,2.67
178,25.51,28.29,1.4,5.61
179,25.3,30.01,1.11,0.92
180,25.59,29.6,0.83,0.08
181,25.69,30.28,0.97,0.44
182,26.13,30.04,0.92,0.26
183,26.18,29.79,1.1,0.11
184,25.64,30.09,0.94,0.22
185,26.15,29.39,0.87,0.14
186,26.25,29.87,0.7,0.05
187,25.74,28.96,1.09,12.94
188,25.26,28.56,1.3,3.08
189,25.12,30.27,1.05,2.19
190,26.17,30.68,0.65,1.21
191,25.19,29.43,1.27,1.81
192,25.47,29.22,1.19,15.46
193,25.07,27.04,1.32,10.08
194,25.01,28.52,1.1,1.93
195,25.21,28.28,0.67,1.09
196,24.72,29.47,0.81,5.07
197,25.43,28.72,1.23,5.69
198,24.88,28.2,1.33,2.0
199,25.31,28.78,0.79,0.36
200,24.91,29.38,0.91,3.53
201,24.75,29.46,0.93,7.11
202,24.97,29.29,1.16,0.39
203,25.56,28.75,0.74,0.58
204,25.29,27.64,1.03,9.17
205,25.07,29.18,1.06,6.64
206,25.33,28.04,1.16,4.55
207,25.62,29.38,0.83,2.93
208,25.8,29.84,0.64,1.53
209,25.22,29.29,0.99,0.19
210,25.4,28.35,1.33,15.01
211,25.14,28.62,1.17,13.44
212,24.97,28.18,1.21,5.95
213,25.25,28.48,1.19,0.31
214,25.15,28.85,1.65,0.94
215,25.02,27.9,1.52,2.38
216,24.72,29.23,1.51,0.9
217,25.2,27.26,1.21,20.1
218,25.11,28.68,1.33,17.97
219,25.2,29.88,1.25,0.21
220,26.33,28.85,1.03,0.09
221,25.54,29.48,1.1,2.12
222,25.76,29.3,1.07,6.51
223,24.99,28.63,1.41,1.07
224,25.45,28.08,1.11,5.54
225,24.52,30.07,0.87,0.56
226,26.08,29.43,1.27,0.07
227,25.58,29.14,1.26,6.47
228,25.39,28.25,1.24,9.05
229,25.35,28.34,1.23,9.88
230,25.29,27.88,1.35,1.8
231,25.4,28.45,1.5,0.23
232,25.21,29.05,1.57,0.01
233,25.02,30.25,1.49,0.0
234,25.49,28.62,1.29,0.0
235,25.47,29.64,1.31,0.0
236,25.79,29.4,1.41,0.0
237,25.51,30.3,1.43,0.14
238,26.11,30.18,1.34,0.08
239,25.55,30.47,1.55,0.08
240,25.92,29.89,1.09,0.15
241,25.94,30.43,1.12,0.0
242,25.75,30.42,0.93,3.35
243,26.14,30.29,0.99,3.21
244,25.81,29.6,1.26,1.02
245,25.22,30.6,1.33,1.36
246,25.8,29.92,0.93,0.8
247,25.64,29.47,1.04,3.49
248,24.72,26.75,0.97,27.86
249,24.43,29.15,1.4,11.42
250,24.37,29.16,1.18,0.39
251,25.08,29.26,1.32,0.95
252,25.17,29.13,1.12,2.36
253,25.54,28.9,1.26,3.83
254,25.18,29.78,1.28,5.28
255,25.65,29.65,1.19,3.27
256,25.37,30.12,1.58,0.08
257,25.55,29.89,1.53,0.12
258,25.49,30.45,1.33,1.63
259,25.5,31.18,1.7,1.37
260,25.25,31.46,1.73,0.0
261,25.04,31.5,1.66,1.5
262,25.24,30.69,1.2,9.16
263,25.43,29.81,0.96,20.31
264,25.29,27.58,1.07,6.72
265,25.19,29.78,1.37,4.27
266,24.86,30.61,1.18,6.97
267,24.73,28.46,1.31,5.16
268,24.68,27.71,0.91,8.95
269,24.9,29.69,1.28,3.65
270,25.14,30.37,1.49,0.14
271,25.6,30.19,1.59,0.27
272,25.21,28.88,1.04,4.0
273,24.38,29.7,1.37,0.67
274,25.03,28.99,1.48,0.02
275,24.89,28.9,1.64,2.52
276,24.67,30.05,1.49,5.59
277,24.5,28.43,1.84,2.72
278,24.24,28.89,1.62,12.07
279,24.68,28.91,1.1,6.75
280,25.1,28.52,1.24,2.03
281,25.42,30.55,0.87,1.02
282,25.57,29.13,1.04,1.96
283,24.85,30.75,1.49,1.48
284,25.17,31.27,1.47,1.29
285,25.14,31.32,1.43,5.11
286,24.79,31.27,1.16,7.28
287,25.54,29.65,1.03,0.93
288,24.67,30.42,1.1,10.91
289,25.36,28.45,1.22,55.85
290,25.42,30.06,1.21,11.35
291,25.43,30.69,1.25,0.23
292,25.31,29.94,1.31,0.95
293,25.37,29.35,1.5,0.54
294,25.27,30.34,1.38,0.72
295,24.98,30.48,1.13,7.25
296,24.65,30.22,1.38,7.74
297,24.24,31.17,1.16,15.42
298,24.57,31.55,1.03,20.8
299,25.05,31.57,1.06,13.59
300,24.65,31.83,1.08,4.8
301,24.91,30.75,0.88,30.48
302,24.69,30.63,0.78,17.55
303,24.7,28.96,0.9,3.92
304,24.88,30.78,0.87,2.31
305,25.32,27.55,0.77,24.14
306,24.98,29.37,1.01,21.73
307,24.53,30.04,0.58,32.16
308,25.11,28.39,1.11,13.79
309,24.65,30.0,1.33,0.48
310,25.06,29.6,1.03,19.7
311,25.02,28.77,1.21,1.21
312,25.18,30.23,0.79,0.41
313,25.52,29.6,0.96,7.5
314,24.89,29.68,1.48,4.68
315,25.19,27.15,2.07,3.04
316,24.85,29.33,1.75,0.14
317,25.09,28.75,1.58,5.85
318,24.39,29.43,1.67,4.16
319,24.61,29.15,1.5,1.35
320,24.57,28.65,1.42,3.05
321,25.09,27.75,1.68,2.14
322,24.61,29.81,1.54,0.14
323,25.22,29.25,0.86,3.95
324,24.98,29.53,0.93,18.9
325,24.91,30.91,0.81,8.43
326,24.96,29.62,0.96,6.33
327,24.84,29.92,0.91,17.89
328,25.0,30.39,1.09,7.36
329,24.91,29.76,1.44,2.27
330,25.02,29.18,1.47,12.24
331,24.48,28.18,1.31,7.53
332,24.92,27.16,1.39,1.84
333,24.85,30.41,1.27,0.84
334,24.1,30.41,1.21,0.81
335,23.87,29.97,1.3,9.78
336,24.22,29.15,1.65,13.29
337,23.72,29.12,1.93,3.79
338,22.97,29.48,1.93,0.39
339,23.0,29.57,1.88,0.03
340,23.13,29.91,1.6,0.35
341,23.44,29.84,1.8,1.75
342,23.4,29.55,1.65,0.83
343,23.53,29.31,1.53,0.55
344,24.3,28.73,1.49,3.16
345,24.12,29.87,1.43,5.23
346,24.03,29.5,1.37,5.53
347,24.3,28.81,1.43,5.85
348,24.4,26.56,1.49,31.77
349,24.26,29.29,0.91,2.78
350,24.04,29.73,1.43,0.43
351,24.34,28.75,1.16,5.84
352,24.45,27.07,1.35,18.66
353,23.54,28.59,0.94,8.34
354,24.33,28.91,0.96,2.86
355,23.91,28.82,0.86,1.59
356,24.19,28.41,1.02,7.32
357,23.82,28.96,1.06,2.48
358,24.11,29.01,1.33,4.83
359,23.05,29.12,1.65,1.02
360,22.06,28.83,1.35,0.0
361,22.64,29.28,1.16,0.03
362,23.25,28.55,1.35,0.0
363,23.87,29.82,1.38,0.1
364,23.57,29.59,1.54,4.0
365,23.69,29.76,1.47,2.06
1,23.19,29.7,1.17,3.5
2,23.72,28.66,1.22,2.83
