# GPS: 4.73201, 103.37981 deg., Elev: 148.04 m, Station: 2 m
# 1981/01/01 - 1981/12/31
*doy,tmin,tmax,wind,rain
1,23.399,32.613,1.960,0.000
2,23.398,32.879,1.957,0.000
3,23.409,32.676,2.168,0.000
4,23.398,32.990,2.133,9.436
5,23.301,32.608,1.953,13.286
6,23.391,32.715,1.662,0.000
7,23.380,33.450,1.762,0.000
8,23.328,32.757,1.895,0.000
9,23.361,32.685,2.138,14.236
10,23.219,32.186,2.199,0.000
11,23.246,31.741,2.417,0.000
12,23.215,31.814,2.451,0.000
13,23.167,31.169,2.203,0.000
14,23.095,31.787,2.074,0.000
15,23.245,32.336,2.208,0.000
16,23.284,32.050,2.062,0.000
17,23.252,31.889,2.234,0.000
18,23.191,32.017,2.234,0.000
19,23.156,32.366,2.012,0.000
20,23.260,32.611,1.976,0.000
21,23.246,32.925,1.857,0.000
22,23.282,32.826,1.949,0.000
23,23.262,32.899,1.925,0.000
24,23.309,32.723,2.125,0.000
25,23.238,32.258,2.012,0.000
26,23.153,32.531,2.062,0.000
27,23.235,32.776,2.208,0.000
28,23.322,33.063,1.996,0.000
29,23.323,33.108,2.012,0.000
30,23.371,33.202,2.025,0.000
31,23.421,32.550,1.996,34.606
32,23.393,32.340,2.074,36.226
33,23.360,32.455,2.078,20.496
34,23.357,32.700,1.823,16.756
35,23.339,33.077,1.929,9.816
36,23.436,32.694,2.070,10.536
37,23.420,32.877,2.151,0.000
38,23.385,32.502,2.037,0.000
39,23.421,32.492,2.216,15.286
40,23.317,32.758,2.070,10.726
41,23.371,32.921,2.234,10.856
42,23.425,32.186,2.074,11.426
43,23.413,32.922,1.914,0.000
44,23.402,33.319,1.759,0.000
45,23.369,33.454,1.672,0.000
46,23.379,33.382,1.689,0.000
47,23.290,33.876,1.616,0.000
48,23.330,33.410,1.748,0.000
49,23.383,32.931,1.686,0.000
50,23.390,33.522,1.759,0.000
51,23.398,33.553,1.776,0.000
52,23.402,33.509,1.791,0.000
53,23.508,33.216,1.941,0.000
54,23.503,33.537,1.846,0.000
55,23.497,33.783,1.706,0.000
56,23.562,33.297,1.731,0.000
57,23.530,33.673,1.693,13.066
58,23.442,32.718,1.703,44.136
59,23.470,32.598,1.762,11.096
60,23.442,33.147,1.895,0.000
61,23.358,33.344,1.773,0.000
62,23.398,33.210,1.835,0.000
63,23.372,33.345,1.918,0.000
64,23.459,33.535,2.108,0.000
65,23.415,33.490,2.082,0.000
66,23.505,33.308,2.129,0.000
67,23.434,33.422,1.960,0.000
68,23.431,33.675,2.025,0.000
69,23.530,33.568,2.070,0.000
70,23.538,33.524,2.199,0.000
71,23.390,33.755,1.929,0.000
72,23.489,33.718,1.933,0.000
73,23.590,33.991,1.945,0.000
74,23.609,34.388,1.846,0.000
75,23.551,33.716,1.949,0.000
76,23.497,34.189,1.676,0.000
77,23.614,34.248,1.587,0.000
78,23.597,34.348,1.748,0.000
79,23.546,34.718,1.734,0.000
80,23.537,34.998,1.679,0.000
81,23.522,34.367,1.734,0.000
82,23.565,34.323,1.666,0.000
83,23.619,34.347,1.693,0.000
84,23.556,34.593,1.776,0.000
85,23.361,34.134,1.734,0.000
86,23.489,34.386,1.910,0.000
87,23.652,33.997,2.025,0.000
88,23.634,34.001,1.816,0.000
89,23.709,34.074,1.776,9.756
90,23.650,33.864,1.776,17.736
91,23.646,33.964,1.780,17.676
92,23.699,34.299,1.857,12.926
93,23.694,33.117,1.679,11.186
94,23.668,34.376,1.581,0.000
95,23.718,34.290,1.562,0.000
96,23.759,34.060,1.555,13.376
97,23.742,34.671,1.584,0.000
98,23.713,34.226,1.720,0.000
99,23.661,34.416,1.827,11.786
100,23.658,34.455,1.835,14.966
101,23.628,34.390,1.823,11.316
102,23.552,34.677,1.773,0.000
103,23.582,34.487,1.727,0.000
104,23.693,34.464,1.626,0.000
105,23.693,34.550,1.696,0.000
106,23.660,34.333,1.759,13.606
107,23.732,34.786,1.642,0.000
108,23.761,34.486,1.791,0.000
109,23.623,35.152,1.574,0.000
110,23.707,35.205,1.623,0.000
111,23.747,34.429,1.494,22.866
112,23.821,33.805,1.574,9.676
113,23.751,34.381,1.703,0.000
114,23.691,34.710,1.636,0.000
115,23.675,34.796,1.606,0.000
116,23.642,34.579,1.610,0.000
117,23.702,34.169,1.666,0.000
118,23.739,33.856,1.642,0.000
119,23.734,34.529,1.619,0.000
120,23.713,34.547,1.636,11.106
121,23.735,34.419,1.619,0.000
122,23.807,33.816,1.578,0.000
123,23.775,34.068,1.600,0.000
124,23.721,34.259,1.610,0.000
125,23.657,34.269,1.642,0.000
126,23.732,33.680,1.537,0.000
127,23.734,32.925,1.623,0.000
128,23.731,33.336,1.534,0.000
129,23.769,34.382,1.531,0.000
130,23.789,34.420,1.632,0.000
131,23.781,34.707,1.809,0.000
132,23.786,33.572,1.606,0.000
133,23.710,35.322,1.632,0.000
134,23.745,35.215,1.642,0.000
135,23.871,34.688,1.546,0.000
136,23.816,33.995,1.613,0.000
137,23.802,33.833,1.479,17.376
138,23.843,34.631,1.401,15.446
139,23.745,35.283,1.662,0.000
140,23.778,35.184,1.590,9.746
141,23.876,34.767,1.669,0.000
142,23.832,34.950,1.699,0.000
143,23.827,34.202,1.689,0.000
144,23.764,33.702,1.652,15.336
145,23.756,32.912,1.891,21.896
146,23.696,33.261,1.766,22.266
147,23.672,33.693,1.619,0.000
148,23.740,34.614,1.500,0.000
149,23.743,33.521,1.543,12.036
150,23.680,34.015,1.616,10.816
151,23.783,33.998,1.401,0.000
152,23.735,34.623,1.464,0.000
153,23.685,34.351,1.600,11.176
154,23.745,33.513,1.435,0.000
155,23.679,34.055,1.458,0.000
156,23.754,33.459,1.571,0.000
157,23.668,34.291,1.450,0.000
158,23.743,33.874,1.473,0.000
159,23.786,33.781,1.491,27.986
160,23.705,34.151,1.552,0.000
161,23.729,33.354,1.827,0.000
162,23.671,34.310,1.960,0.000
163,23.728,34.259,1.738,0.000
164,23.694,33.994,1.706,0.000
165,23.731,34.122,1.816,0.000
166,23.783,33.484,1.820,0.000
167,23.735,33.598,1.629,0.000
168,23.816,33.795,1.546,0.000
169,23.759,33.178,1.555,0.000
170,23.658,33.527,1.600,0.000
171,23.668,34.028,1.759,0.000
172,23.724,34.115,2.000,0.000
173,23.728,34.070,1.734,0.000
174,23.747,33.902,1.537,0.000
175,23.694,34.202,1.759,0.000
176,23.701,34.282,1.748,0.000
177,23.699,33.824,1.794,0.000
178,23.657,33.683,1.864,0.000
179,23.680,33.935,1.710,0.000
180,23.701,32.973,1.659,0.000
181,23.556,34.343,1.652,0.000
182,23.680,34.361,1.696,10.016
183,23.694,33.481,1.798,0.000
184,23.674,33.154,1.710,0.000
185,23.682,33.965,1.812,0.000
186,23.623,34.149,1.693,0.000
187,23.683,33.400,1.393,0.000
188,23.668,34.343,1.435,0.000
189,23.672,33.822,1.594,9.416
190,23.666,33.115,1.748,14.386
191,23.628,32.809,1.368,11.206
192,23.653,33.385,1.407,0.000
193,23.628,32.720,1.543,0.000
194,23.636,32.972,1.404,0.000
195,23.663,33.701,1.390,10.476
196,23.649,33.194,1.616,0.000
197,23.653,33.881,1.835,0.000
198,23.663,34.147,1.720,0.000
199,23.729,33.288,1.503,0.000
200,23.693,32.623,1.534,0.000
201,23.652,33.510,1.941,0.000
202,23.638,32.859,1.699,0.000
203,23.674,33.345,1.682,25.206
204,23.563,33.618,2.172,15.166
205,23.641,33.643,1.887,0.000
206,23.620,32.867,2.185,0.000
207,23.592,33.782,2.177,0.000
208,23.628,33.054,1.857,16.356
209,23.584,33.590,1.724,16.976
210,23.614,33.166,1.562,17.716
211,23.559,33.873,1.562,0.000
212,23.691,32.753,1.581,0.000
213,23.642,33.095,1.713,0.000
214,23.634,33.913,1.636,0.000
215,23.671,34.213,1.636,0.000
216,23.603,33.693,1.791,0.000
217,23.543,33.966,1.791,0.000
218,23.642,33.528,1.906,0.000
219,23.562,34.105,2.000,0.000
220,23.661,33.971,2.037,0.000
221,23.685,33.312,1.791,0.000
222,23.598,34.185,1.921,0.000
223,23.625,34.086,1.984,0.000
224,23.641,34.228,1.988,0.000
225,23.664,33.825,1.953,0.000
226,23.669,33.421,1.759,0.000
227,23.658,33.549,1.842,0.000
228,23.671,33.905,1.626,0.000
229,23.664,34.054,1.769,0.000
230,23.627,33.754,1.910,0.000
231,23.606,33.951,1.984,29.696
232,23.603,34.411,1.738,17.226
233,23.661,33.711,1.652,14.716
234,23.694,32.238,1.710,13.006
235,23.672,33.174,1.528,0.000
236,23.644,33.088,1.656,14.806
237,23.535,33.823,1.861,0.000
238,23.578,33.737,1.812,11.226
239,23.649,32.692,1.662,0.000
240,23.628,33.303,1.600,0.000
241,23.674,33.473,1.820,0.000
242,23.565,33.836,1.805,0.000
243,23.574,34.122,1.849,0.000
244,23.598,33.609,1.752,0.000
245,23.612,33.675,1.587,11.906
246,23.622,32.506,1.503,0.000
247,23.620,33.593,1.482,10.906
248,23.653,33.652,1.470,9.986
249,23.655,33.401,1.488,9.206
250,23.679,33.025,1.494,22.376
251,23.649,33.553,1.531,9.266
252,23.552,33.709,1.594,0.000
253,23.625,33.830,1.594,0.000
254,23.709,33.117,1.584,9.326
255,23.652,33.355,1.540,0.000
256,23.660,33.814,1.666,29.506
257,23.674,33.018,1.616,13.396
258,23.633,33.546,1.623,10.536
259,23.604,33.164,1.717,9.616
260,23.664,33.264,1.666,10.236
261,23.636,33.682,1.562,13.776
262,23.625,34.072,1.456,0.000
263,23.704,33.414,1.476,0.000
264,23.688,33.639,1.717,0.000
265,23.690,33.498,1.666,0.000
266,23.668,33.225,1.453,24.166
267,23.620,32.995,1.398,17.056
268,23.628,33.999,1.791,14.786
269,23.718,33.900,1.945,14.456
270,23.597,34.359,1.616,0.000
271,23.702,34.239,1.470,0.000
272,23.653,34.339,1.509,0.000
273,23.685,33.108,1.464,18.936
274,23.754,32.960,1.461,11.956
275,23.679,33.647,1.528,9.656
276,23.761,33.313,1.568,11.156
277,23.690,33.510,1.731,12.406
278,23.668,32.817,1.590,20.976
279,23.653,33.352,1.456,35.266
280,23.682,33.880,1.509,15.666
281,23.671,33.864,1.521,12.836
282,23.747,32.563,1.467,14.816
283,23.712,33.782,1.404,12.006
284,23.663,33.510,1.458,11.376
285,23.675,31.947,1.424,12.586
286,23.601,32.689,1.626,10.076
287,23.650,33.252,1.649,20.026
288,23.631,33.284,1.929,20.876
289,23.603,32.232,2.012,12.546
290,23.592,32.463,1.960,15.686
291,23.567,33.240,1.755,10.796
292,23.644,32.699,1.646,18.876
293,23.649,33.241,1.537,61.036
294,23.669,33.721,1.438,13.686
295,23.701,33.732,1.515,0.000
296,23.671,34.129,1.531,0.000
297,23.661,33.664,1.578,0.000
298,23.600,33.523,1.879,0.000
299,23.633,32.871,1.676,17.866
300,23.574,33.179,1.456,18.086
301,23.628,32.907,1.494,10.186
302,23.658,33.311,1.689,9.476
303,23.658,32.438,1.857,13.876
304,23.647,33.063,1.571,10.276
305,23.600,32.446,1.594,13.946
306,23.647,32.436,1.398,13.996
307,23.608,31.895,1.594,17.286
308,23.560,31.871,1.303,18.506
309,23.518,32.827,1.639,20.656
310,23.562,31.838,1.453,77.386
311,23.556,33.118,1.662,52.466
312,23.639,32.598,1.600,0.000
313,23.608,31.967,1.646,0.000
314,23.532,31.826,1.512,20.056
315,23.533,30.760,1.696,12.836
316,23.492,31.985,1.461,44.666
317,23.568,31.803,1.584,20.876
318,23.584,32.283,1.587,37.366
319,23.551,33.066,1.933,32.056
320,23.600,32.187,1.766,26.256
321,23.590,31.674,1.864,16.416
322,23.554,32.126,1.717,11.486
323,23.586,31.757,1.745,13.556
324,23.450,33.341,1.669,9.236
325,23.595,32.869,1.720,11.326
326,23.606,32.107,1.476,11.526
327,23.611,31.849,1.395,9.496
328,23.589,32.763,1.409,0.000
329,23.627,32.547,1.632,9.376
330,23.590,32.199,1.699,0.000
331,23.595,32.948,1.864,0.000
332,23.529,31.661,2.074,17.386
333,23.533,32.293,2.350,17.946
334,23.519,30.765,1.945,58.356
335,23.562,30.790,2.667,25.676
336,23.544,32.091,2.025,28.386
337,23.548,31.467,1.891,26.146
338,23.513,31.450,1.984,29.486
339,23.574,31.399,2.142,27.486
340,23.538,32.134,2.053,0.000
341,23.532,31.993,2.212,12.726
342,23.436,31.569,2.164,0.000
343,23.472,31.863,2.359,14.416
344,23.543,31.163,3.464,52.286
345,23.383,30.573,2.359,40.546
346,23.298,31.502,2.172,47.116
347,23.475,32.037,2.383,27.296
348,23.500,31.662,2.630,90.986
349,23.513,31.976,2.511,46.936
350,23.554,32.028,2.827,33.746
351,23.447,31.604,2.604,0.000
352,23.409,31.601,2.547,0.000
353,23.431,31.571,2.754,0.000
354,23.377,31.492,2.673,0.000
355,23.344,31.530,2.506,0.000
356,23.355,31.610,2.466,0.000
357,23.281,31.359,2.397,0.000
358,23.202,31.521,2.225,0.000
359,23.305,31.773,2.177,0.000
360,23.218,31.812,2.021,0.000
361,23.306,32.271,2.062,0.000
362,23.434,32.192,1.887,0.000
363,23.451,32.293,2.008,0.000
364,23.442,32.241,1.895,0.000
365,23.492,31.535,1.929,0.000
